5120
0.040773
0.037497
0.138662
0.016523
0.797394
0.063822
0.040007
0.054773
0.216821
0.039222
0.709202
0.073460
0.061221
0.037851
0.029807
0.061683
1.091113
0.084439
0.069081
0.062462
1.026896
0.058164
0.051152
0.093716
0.058150
0.080969
0.110066
0.063175
0.059927
0.614580
0.043321
0.064145
0.027341
0.030099
0.076607
0.045796
0.033197
0.059878
0.058481
0.123095
0.041562
0.030612
0.032180
0.406605
0.027450
0.042716
0.043218
0.289924
0.058806
0.134875
0.113924
0.054423
0.080939
0.178770
0.023480
0.069100
0.047096
0.026897
0.029911
0.002998
0.301604
0.020218
0.054564
0.035860
0.029306
0.387461
0.052368
0.022368
0.269780
0.032692
0.045907
0.523096
0.550397
0.041401
0.047011
0.028161
0.035195
0.063054
0.310815
0.065387
0.020467
0.065949
0.910287
0.061147
0.049651
0.083329
0.297058
0.564459
0.593711
0.240745
0.443331
0.055017
0.057765
0.061109
0.081452
0.327095
0.084392
0.505741
0.284399
0.058556
0.333647
0.208033
0.079617
0.072847
0.059962
0.032463
0.066647
0.059941
0.265591
0.374638
0.111096
0.501652
0.073165
0.063288
0.028062
0.029182
0.034604
0.260511
0.042590
0.034497
0.027902
0.955130
0.469604
0.689629
0.601969
0.554046
0.407678
0.091076
0.042137
0.461786
0.460364
0.650840
0.488824
0.026533
0.058591
0.287512
0.123469
0.119100
0.171483
0.209552
0.409926
0.053534
0.079593
0.530116
0.266445
0.338612
0.559949
0.097738
0.318991
0.317609
0.361969
0.062003
0.806052
0.044062
0.148150
0.236877
0.146562
0.117595
0.108710
0.086248
0.045472
0.000000
0.299514
0.057346
0.301882
0.130011
0.063251
0.537149
0.249014
0.114562
0.329678
0.305455
0.103497
0.229889
0.076889
0.494221
0.199107
0.589781
0.397924
0.338128
0.092975
0.105018
0.035672
0.086763
0.068950
0.295323
0.094033
0.521888
0.155394
0.644972
0.485511
0.083613
0.593604
0.377473
0.190851
0.339237
0.262986
0.047804
0.127482
0.073684
0.042536
0.094967
0.298193
0.073822
0.067248
0.039401
0.164922
0.030231
0.074168
0.053031
0.049532
0.152684
0.150604
0.197520
0.067905
0.023511
0.073549
0.129807
0.309327
0.062113
0.328965
0.296349
0.028626
0.026968
0.377850
0.068986
0.021962
0.316412
0.432326
0.201701
0.188481
0.323674
0.059097
0.472401
0.083097
0.049910
0.017478
0.128898
0.447884
0.027682
0.071458
0.134013
0.077862
0.316558
0.093780
0.201569
0.343352
0.019779
0.506194
0.125638
0.640901
0.121140
0.373775
0.215388
0.239218
0.294062
0.300306
0.197952
0.464162
0.030399
0.050722
0.063765
0.073838
0.405231
0.065236
0.246421
0.067592
0.538597
0.075661
0.463404
0.087566
0.475794
0.381127
0.596682
0.574922
0.326380
0.292395
0.369888
0.099766
0.640316
0.282841
0.332011
0.034309
0.171702
0.422254
0.063468
0.087140
0.554626
0.492279
0.236125
0.311440
0.371330
0.045954
0.220826
0.246236
0.460364
0.561758
0.289962
0.291352
0.031104
0.009327
0.338731
0.213978
0.095276
0.122027
0.604388
0.463408
0.245975
0.291294
0.398856
0.283203
0.259380
0.262165
0.261224
0.259859
0.261261
0.277517
0.213416
0.258803
0.317954
0.066542
0.020779
0.027068
0.037632
0.081696
0.084571
0.125643
0.577913
0.432679
0.398626
0.613862
0.446183
0.494800
0.268613
0.261526
0.266304
0.265031
0.263504
0.263942
0.259701
0.260466
0.255909
0.258796
0.259830
0.259518
0.263313
0.237148
0.263891
0.265667
0.327319
0.017543
0.291994
0.030341
0.044438
0.139166
0.113748
0.069115
0.074747
0.063302
0.251141
0.587805
0.187692
0.425589
0.348522
0.073269
0.265102
0.289539
0.380558
0.266390
0.556861
0.607424
0.261145
0.255013
0.251508
0.254754
0.255629
0.272389
0.269085
0.270477
0.256731
0.258030
0.306100
0.302504
0.278444
0.052840
0.476814
0.122894
0.065142
0.066987
0.063615
0.467009
0.179560
0.615801
0.289617
0.237307
0.239030
0.409947
0.009778
0.339440
0.276770
0.443869
0.318365
0.287343
0.501690
0.596804
0.378410
0.420458
0.245847
0.243856
0.255332
0.280706
0.275218
0.260490
0.260065
0.258641
0.257103
0.264477
0.258507
0.259282
0.260187
0.260119
0.264228
0.264783
0.262463
0.217293
0.456081
0.484914
0.126275
0.726953
0.502894
0.580652
0.205406
0.287468
0.432176
0.251678
0.254286
0.249907
0.287565
0.290227
0.256774
0.284330
0.286046
0.260316
0.259427
0.277612
0.262724
0.260709
0.259027
0.256570
0.263380
0.258231
0.259114
0.259402
0.264706
0.221973
0.051268
0.043011
0.177026
0.087784
0.364185
0.472110
0.392779
0.353519
0.223394
0.262588
0.291655
0.259085
0.250838
0.292057
0.258109
0.280892
0.258343
0.275031
0.276301
0.269743
0.266250
0.258926
0.260020
0.262685
0.266103
0.072299
0.266968
0.299880
0.018033
0.032591
0.139969
0.261938
0.122380
0.403557
0.279571
0.256178
0.286528
0.285499
0.260226
0.262876
0.283383
0.278653
0.269948
0.268156
0.261488
0.262804
0.261518
0.259391
0.262823
0.257791
0.265155
0.306667
0.306819
0.040752
0.028913
0.071592
0.068402
0.297882
0.455954
0.319417
0.326891
0.301057
0.292083
0.294092
0.293517
0.291314
0.264174
0.262908
0.261422
0.267199
0.270206
0.263449
0.259747
0.120914
0.271745
0.114764
0.293744
0.143812
0.190375
0.168285
0.384771
0.389217
0.573218
0.494955
0.303195
0.237955
0.296165
0.250212
0.292591
0.290585
0.292777
0.242317
0.285392
0.272295
0.256396
0.263312
0.257700
0.261601
0.263221
0.263668
0.268988
0.038778
0.137687
0.117596
0.244184
0.491113
0.195060
0.361084
0.534730
0.301404
0.328628
0.356945
0.389993
0.321288
0.379670
0.314127
0.277296
0.260360
0.261847
0.261076
0.258259
0.261875
0.263901
0.289092
0.278539
0.262764
0.272455
0.000000
0.093186
0.195117
0.267790
0.134049
0.499558
0.152021
0.127778
0.077399
0.383254
0.619598
0.243095
0.434928
0.304138
0.487962
0.443180
0.278740
0.297315
0.458362
0.293095
0.245511
0.288226
0.246652
0.272172
0.268452
0.264428
0.264237
0.370395
0.262893
0.274188
0.263012
0.267416
0.280877
0.055857
0.025311
0.033279
0.020297
0.064964
0.287205
0.444661
0.617777
0.261398
0.315696
0.746390
0.311849
0.473281
0.253822
0.242530
0.250003
0.260911
0.259021
0.260636
0.312912
0.268212
0.262613
0.265052
0.270139
0.123959
0.426791
0.276899
0.069858
0.235015
0.319022
0.504605
0.301395
0.292974
0.335926
0.285912
0.256094
0.259242
0.254908
0.283491
0.280100
0.318961
0.032917
0.127625
0.336857
0.070786
0.465826
0.339637
0.743297
0.316668
0.434868
0.260081
0.258854
0.273656
0.252854
0.373106
0.262650
0.403497
0.368716
0.263345
0.263612
0.038612
0.031416
0.045674
0.608869
0.204737
0.114509
0.252273
0.264742
0.263084
0.264074
0.264309
0.250782
0.256210
0.257779
0.288225
0.275390
0.071574
0.019978
0.281327
0.410479
0.190515
0.281682
0.323729
0.337746
0.408862
0.667604
0.330571
0.276459
0.268662
0.275957
0.272819
0.262953
0.298040
0.258684
0.264338
0.002574
0.264764
0.193806
0.310906
0.111667
0.021809
0.291491
0.284257
0.359106
0.344921
0.401187
0.371594
0.482956
0.426208
0.301248
0.290285
0.262313
0.261901
0.397105
0.265585
0.410481
0.356082
0.043711
0.023998
0.124465
0.120829
0.069637
0.096229
0.291972
0.335880
0.683165
0.332621
0.331144
0.302244
0.596927
0.277335
0.240646
0.267733
0.261914
0.251295
0.259136
0.271950
0.263118
0.258653
0.472770
0.267919
0.357238
0.044446
0.216675
0.153597
0.266608
0.074591
0.316932
0.662133
0.293228
0.001510
0.244637
0.276717
0.255392
0.266991
0.250831
0.270404
0.266985
0.261467
0.252460
0.281375
0.262208
0.565628
0.054528
0.033745
1.354678
0.014634
0.024257
0.276681
0.416548
0.090506
0.067848
0.514743
0.547589
0.323746
0.404914
0.476493
0.623957
0.284372
0.242173
0.285573
0.251896
0.266866
0.260744
0.272148
0.263853
0.247632
0.284731
0.049905
0.052786
0.044468
0.129153
0.074041
0.067031
0.091585
0.446529
0.201394
0.408818
0.338258
0.295783
0.269292
0.283629
0.297303
0.259992
0.270100
0.217983
0.213485
0.260719
0.261111
0.307986
0.300118
0.266137
0.221855
0.237761
0.322944
0.038359
0.139530
0.069627
0.284372
0.096165
0.122704
0.561683
0.289544
0.439108
0.279012
0.314224
0.270479
0.261704
0.229231
0.252571
0.228973
0.328946
0.263454
0.464052
0.287979
0.048496
0.388603
0.498012
0.404495
0.315214
0.300098
0.549886
0.326989
0.272076
0.253166
0.267967
0.312880
0.266507
0.081239
0.064151
0.038900
0.132950
0.157101
0.021492
0.209975
0.293201
0.134423
0.292043
0.366962
0.263873
0.233686
0.337926
0.500479
0.447970
0.277410
0.232908
0.289271
0.282093
0.251687
0.262307
0.217520
0.230087
0.250083
0.239376
0.248859
0.209899
0.249791
0.260255
0.333258
0.267165
0.271872
0.348763
0.147935
0.026619
1.237850
0.098001
0.361160
0.083179
0.095395
0.099528
0.322401
0.240614
0.245129
0.257430
0.259229
0.225498
0.218360
0.268454
0.253824
0.261801
0.363809
0.061899
0.042852
0.178105
0.127741
0.287596
0.065755
0.582648
0.353048
0.332772
0.312516
0.318698
0.265632
0.222543
0.262436
0.216014
0.214058
0.348825
0.263297
0.282360
0.336380
0.967378
0.133975
0.627476
0.632317
0.226200
0.225095
0.261497
0.296635
0.119187
0.068196
0.348318
0.272443
0.230109
0.429854
0.266517
0.234621
0.231639
0.384915
0.206539
0.240054
0.229245
0.213135
0.218443
0.200199
0.270949
0.226531
0.226748
0.258797
0.045702
0.358543
0.112335
0.290774
0.401334
0.333574
0.407089
0.256607
0.298317
0.280536
0.268883
0.257277
0.272463
0.227755
0.221095
0.266269
0.252974
0.241419
0.240158
0.278828
0.240321
0.248075
0.226569
0.052331
0.060803
0.402191
0.371516
0.066197
0.086515
0.346457
0.300207
0.376221
0.968391
0.359175
0.272632
0.272028
0.235008
0.272987
0.278464
0.223028
0.209370
0.218034
0.301819
0.200778
0.202943
0.036378
0.293061
0.222347
0.071497
0.272000
0.076108
0.347197
0.446982
0.083030
0.068609
0.291155
0.354252
0.293859
0.300136
0.240559
0.229661
0.028288
0.184807
0.243793
0.009826
0.255715
0.079033
0.298000
0.183497
0.340507
0.186269
0.243268
0.570753
0.117865
0.336715
0.783255
0.249662
0.261191
0.225377
0.242900
0.257556
0.083082
0.262881
0.250730
0.266355
0.031299
0.289631
0.350636
0.396752
0.290303
0.074644
0.055304
0.374644
0.388385
0.300694
0.320531
0.263830
0.321111
0.578799
0.742569
0.270129
0.382322
0.248835
0.209289
0.215591
0.025018
0.028570
0.205858
0.218973
0.199996
0.087101
0.040725
0.187969
0.250063
0.163330
0.186934
0.055138
0.281645
0.276268
0.133644
0.287054
0.301740
0.062827
0.074073
0.332844
0.122274
0.409107
0.299857
0.367620
0.063196
0.032812
0.290017
0.310919
0.272435
0.232340
0.027396
0.036201
0.284764
0.181566
0.217423
0.044757
0.047366
0.267518
0.350037
0.069313
0.365705
0.073352
0.412136
0.410027
0.281290
0.276756
0.371546
0.234917
0.282319
0.253311
0.239839
0.240190
0.232497
0.231662
0.263118
0.178210
0.011526
0.000000
0.123843
0.330357
0.421343
0.223282
0.138297
0.189825
0.224642
0.190793
0.432387
0.317378
0.083267
0.132403
0.075945
0.086057
0.289580
0.329125
0.195670
0.071145
0.204968
0.332225
0.328583
0.399144
0.239148
0.264693
0.238942
0.232174
0.230560
0.255652
0.147812
0.030817
0.267519
0.021362
0.438317
0.212482
0.044605
0.452798
0.240518
0.029832
0.193850
0.067802
0.229938
0.357376
0.275537
0.188977
0.053143
0.049822
0.044665
0.053235
0.023579
0.297915
0.332056
0.284579
0.574423
0.264860
0.347332
0.246180
0.240861
0.243067
0.235688
0.257619
0.227828
0.270599
0.222424
0.220490
0.224650
0.213223
0.052722
0.014502
0.012637
0.035546
0.258616
0.170480
0.214457
0.038089
0.231388
0.062740
0.245229
0.177840
0.059834
0.058060
0.426958
0.069159
0.043276
0.038769
0.354898
0.103852
0.000000
0.000000
0.324967
0.341503
0.394547
0.304696
0.283778
0.292459
0.261444
0.269485
0.245274
0.171008
0.210900
0.223718
0.246637
0.269497
0.330394
0.189955
0.049475
0.240067
0.302450
0.282736
0.292697
0.171854
0.023206
0.364068
0.382870
0.387797
0.470381
0.291801
0.026254
0.019941
0.567147
0.041999
0.302160
0.294744
0.502577
0.356549
0.369971
0.274965
0.281969
0.246932
0.247822
0.000235
0.248840
0.142293
0.232236
0.014924
0.074455
0.213175
0.161588
0.115343
0.751773
0.203908
0.312270
0.519262
0.321852
0.247543
0.312087
0.000527
0.000095
0.058767
0.047353
0.046091
0.034060
0.016463
0.370947
0.298780
0.083061
0.374280
0.406897
0.010484
0.120218
0.308763
0.384457
0.603637
0.396693
0.327172
0.258550
0.261685
0.325228
0.022409
0.236283
0.235019
0.220420
0.267049
0.134657
0.032645
0.378838
0.029506
0.377857
0.313295
0.284727
0.280879
0.254456
0.293983
0.255286
0.262548
0.255489
0.245526
0.111324
0.226500
0.275144
0.267364
0.266425
0.669472
0.279732
0.072635
0.240268
0.076758
0.144087
0.045027
0.360542
0.310621
0.504632
0.467003
0.333755
0.323979
0.366454
0.256914
0.575235
0.305042
0.172472
0.379145
0.217883
0.086341
0.369038
0.222714
0.026762
0.226008
0.038849
0.287692
0.274216
0.210456
0.263460
0.214107
0.027358
0.173180
0.074271
0.197713
0.309502
0.187739
0.219097
0.179594
0.059368
0.361393
0.457766
0.388898
0.075047
0.187141
0.296038
0.281056
0.276307
0.301649
0.397617
0.496491
0.230122
0.173987
0.172331
0.297447
0.195168
0.238290
0.220833
0.238554
0.248262
0.035507
0.127840
0.297906
0.503197
0.518621
0.030953
0.426060
0.360557
0.550183
0.607148
0.022463
0.036618
0.419376
0.166007
0.075762
0.102455
0.279711
0.291363
0.251325
0.249525
0.227583
0.006063
0.267957
0.002074
0.169132
0.264996
0.166230
0.090979
0.298666
0.168921
0.138323
0.576911
0.302459
0.237822
0.287945
0.052888
0.149453
0.379514
0.725198
0.281480
0.279564
0.989363
0.040247
0.051003
0.037920
0.131357
0.265351
0.069865
0.420439
0.072013
0.042740
0.566415
0.120627
0.370805
0.068200
0.305940
0.094270
0.075860
0.287881
0.408585
0.410513
0.004268
0.002893
0.169652
0.222164
0.086124
0.306283
0.285447
0.222364
0.319642
0.177701
0.124963
0.070480
0.295102
0.400643
0.115777
0.304089
0.095314
0.414596
0.346140
0.271456
0.383255
0.006020
0.084761
0.085045
0.043220
0.174876
0.083082
0.082817
0.084566
0.081663
0.084944
0.244152
0.251158
0.094497
0.140826
0.044509
0.218222
0.213079
0.172215
0.503409
0.038954
0.059448
0.023817
0.589304
0.616745
0.301156
0.295998
0.230412
0.274377
0.299183
0.291542
0.466568
0.255285
0.263321
0.556072
0.209506
0.237390
0.337294
0.250147
0.175305
0.024249
0.380793
0.554886
1.219968
0.672353
0.167711
0.195430
0.212228
0.318937
0.210414
0.136686
0.063205
0.514779
0.359751
0.596185
0.427696
0.377365
0.285480
0.331478
0.269771
0.249894
0.229365
0.231337
0.256688
0.093288
0.019685
0.265495
0.264541
0.423704
0.270632
0.249527
0.081625
0.269764
0.381634
0.250577
0.219439
0.189708
0.169426
0.172288
0.116140
0.248043
0.397027
0.207461
0.047423
0.052203
0.210892
0.078350
0.124513
0.050097
0.330813
0.167546
0.463269
0.289035
0.442159
0.296411
0.312580
0.220722
0.207914
0.228684
0.095257
0.297466
0.078043
0.100197
0.105911
0.030376
0.265120
0.169107
0.908431
0.157448
0.192704
0.374849
0.127573
0.058239
0.064597
1.005267
0.081833
0.841451
0.167342
1.020719
0.341369
0.229737
0.262086
0.158442
0.208452
0.202339
0.482153
0.085005
0.095476
0.269447
0.089510
0.043210
0.082332
0.205321
0.199669
0.196122
0.137996
0.162792
0.188419
0.296654
0.603226
0.038734
0.400150
0.406787
0.640425
0.286462
0.294981
0.425181
0.286122
0.232374
0.178632
0.259400
0.089089
0.288200
0.119707
0.179634
1.107965
0.184854
0.090895
0.295820
0.065180
0.075318
0.113703
0.178159
0.080987
0.070626
0.052994
0.243690
0.317808
0.591788
0.219163
0.416004
0.233827
0.575626
0.215669
0.024529
0.000192
0.322747
0.244466
0.375062
0.228107
0.168247
0.133391
0.202105
0.001314
0.591198
0.058956
0.251613
0.140706
0.077785
0.062041
0.671448
0.188789
0.447244
0.309275
0.306004
0.246419
0.310325
0.348166
0.239104
0.230344
0.212646
0.242411
0.293218
0.247180
0.250967
0.045905
0.220596
0.292621
0.166102
0.000000
0.067937
0.075812
0.244537
0.033141
0.224102
0.062644
0.079924
0.274462
0.065691
0.218622
0.056780
0.137375
0.180226
0.115620
0.423271
0.315177
0.062722
0.657725
0.256156
0.122002
0.238951
0.304021
0.444734
0.286620
0.293813
0.262825
0.261218
0.212490
0.111329
0.243113
0.586931
0.025024
0.069633
0.071809
0.022784
0.078764
0.047179
0.159350
0.195554
0.284769
0.249533
0.000417
0.939993
0.087876
0.354375
0.807978
0.481329
0.271052
0.110637
0.456379
0.168642
1.274876
0.114258
0.169847
0.440064
0.448954
0.207592
0.344944
0.448066
0.228580
0.086156
0.205073
0.266369
0.261833
0.627778
0.240558
0.046270
0.163853
0.594033
0.253550
0.084638
0.076146
0.256000
0.197114
0.001539
0.000780
0.001607
0.064143
0.081543
0.142249
0.184357
0.431877
0.377623
0.418099
0.089331
0.291018
0.673322
0.339775
0.199352
0.447321
0.328100
0.270843
0.431427
0.300613
0.242930
0.224904
0.228953
0.103500
0.092430
0.208730
0.268304
0.206267
0.066062
0.124361
0.068846
0.256970
0.219136
0.054706
0.925036
0.156705
0.170897
0.248076
0.054576
0.000740
0.071148
0.057821
1.104601
0.128706
0.131934
0.388428
0.672413
0.674870
0.140684
0.677379
0.298461
0.207072
0.246712
0.400782
0.236110
0.218905
0.305914
0.194478
0.167941
0.121341
0.055246
0.081364
0.143113
0.171051
0.026136
0.014331
0.085815
0.217170
0.069010
0.267135
0.010470
0.105139
0.239649
0.160166
1.007292
0.427039
0.347856
0.451539
0.302219
0.163368
0.300872
0.333746
0.208852
0.273974
0.198267
0.165590
0.003030
0.080011
0.670553
0.032157
0.064394
0.041455
0.000165
0.155752
0.158611
0.289430
0.087343
0.304180
0.210319
0.330449
0.159259
0.286579
0.299973
0.302587
0.455700
0.378414
0.003203
0.099564
0.168921
0.178394
0.247024
0.268045
0.268035
0.067227
0.247535
0.124368
0.195821
0.164750
0.357733
0.047017
1.163936
0.075976
0.292347
0.494668
0.664671
0.433826
0.283340
0.245391
0.423407
0.289273
0.255755
0.169980
0.246062
0.266319
0.261395
0.061724
0.055085
0.068416
0.285571
0.287246
0.061764
0.054172
0.112724
0.055037
0.272802
0.262309
0.052309
0.078596
0.081934
1.128842
0.462969
0.111499
0.867851
0.122025
0.672061
0.352855
0.302091
0.169461
0.282158
0.178715
0.282745
0.213552
0.459066
0.246800
0.243920
0.101226
0.186218
0.646278
0.267909
0.047655
0.277715
0.267971
0.068959
0.261795
0.086988
0.046419
0.065978
0.047666
0.318927
0.107724
0.207558
0.434227
0.313479
0.471478
0.269233
0.302639
0.289616
0.245584
0.617241
0.056411
0.003549
0.069101
0.075870
0.073133
0.266591
0.268242
0.266010
0.066096
0.058254
0.455975
0.306060
0.513487
0.360932
0.113727
0.404461
0.312549
0.462268
0.329678
1.008222
0.744622
0.255120
0.121299
0.108635
0.095291
0.251992
0.178628
0.175587
0.070329
0.028425
0.125526
0.262031
0.051031
0.089749
0.046513
0.585071
0.588903
0.052538
0.294630
0.806414
0.067431
0.062231
0.154284
0.147739
0.481103
0.627406
0.331350
0.279119
0.331688
0.285839
0.224895
0.238835
0.242547
0.256007
0.498976
0.690433
0.646786
0.225531
0.058720
0.379590
0.265909
0.056389
0.044575
0.129975
0.147973
0.177284
0.157037
0.492362
0.266440
0.676008
0.322091
0.294867
0.187220
0.458846
0.641654
0.150796
0.647084
0.265287
0.040469
0.654138
0.165983
0.669943
0.213749
0.038177
0.089730
0.026969
0.110244
0.042133
0.059472
0.106138
0.051664
0.309956
0.048326
0.077034
0.083851
0.154543
0.052465
0.269196
0.263057
0.204200
0.069980
0.092095
0.603699
1.103500
0.655153
0.430206
0.377500
0.267121
0.302638
0.182779
0.363281
0.162839
0.269843
0.227655
0.136033
0.131345
0.231177
0.194941
0.205773
0.261713
0.503952
0.039622
0.037409
0.322370
0.044088
0.121618
0.078489
0.079324
0.263001
0.184386
0.135101
0.327099
0.432586
0.374418
0.268955
0.028661
0.252407
0.285420
0.269575
0.062670
0.053381
0.096669
0.086707
0.267910
0.049609
0.310244
0.071501
0.077877
0.277028
0.418610
0.113343
0.794807
0.197926
0.204469
0.646485
0.064358
0.266719
0.585314
0.079322
0.264055
0.152598
0.081857
0.091764
0.170048
0.085754
0.281517
0.065856
0.268156
0.086828
0.054453
0.051323
0.154275
0.047881
0.045860
0.155045
0.220749
0.242159
0.786743
0.169920
0.163556
0.324582
0.468234
0.290078
0.116997
0.658996
0.095778
0.027321
0.960702
0.074338
0.133604
0.109551
0.267892
0.157671
0.114281
0.144888
0.829200
0.041859
0.060632
0.123854
0.030503
0.337429
0.022854
0.346646
0.277425
0.454341
0.744140
0.931659
0.299518
0.489495
0.403983
0.406035
0.173848
0.666229
0.345927
0.317534
0.289788
0.304866
0.129516
0.244118
0.261165
0.223298
0.108072
0.060636
0.267029
0.267126
0.079845
0.087367
0.199276
0.055335
0.033346
0.148862
0.429353
0.285342
0.218603
0.269428
0.930574
0.284334
0.662005
0.263824
0.169436
0.241280
0.111222
0.677001
0.084324
0.031513
0.051445
0.053093
0.082580
0.217262
0.153084
0.063157
0.078258
0.267585
0.056100
0.823383
0.042939
0.718375
0.155658
0.450309
0.054652
0.380732
0.070780
0.141929
0.596856
0.000000
0.401812
0.667327
0.674641
0.172818
0.674279
0.275960
0.291184
0.941357
0.620292
1.050926
0.384155
0.328673
0.187114
0.647066
0.100709
0.272072
0.219735
0.054903
0.080920
0.216779
0.075463
0.205993
0.330699
0.104006
0.149744
0.414057
0.048944
0.189555
0.604880
0.138070
0.063615
0.057210
0.245028
0.043227
0.369285
0.505267
0.648348
0.186991
0.429095
0.313796
0.234802
0.313487
0.269197
0.319455
0.271959
0.063663
0.632439
0.130330
0.140933
0.272968
0.257549
0.677302
0.269014
0.028908
0.047464
0.664989
0.059216
0.085366
0.030645
0.120557
0.311196
0.270373
0.153315
0.088358
0.263955
0.251692
0.174186
0.046505
0.055807
0.028378
0.027993
0.284298
0.441605
0.142345
0.141794
0.453709
0.207615
0.459970
0.324572
0.012329
0.676829
0.439404
1.027386
0.301848
0.250764
0.203511
0.150030
0.190876
0.258858
0.142955
0.251604
0.173063
0.243952
0.251230
0.255518
0.271034
0.267534
1.219401
0.362084
0.269523
0.089496
0.042077
0.057723
0.048729
0.261857
0.003754
0.058232
0.160450
0.108170
0.030357
0.051249
0.262106
1.028763
0.315080
0.300469
0.312456
0.138091
0.136589
0.148913
0.148639
0.616189
0.181568
0.167550
0.615658
0.174445
0.250257
0.175837
0.268840
0.254498
0.035472
0.269898
0.070636
0.374230
0.038295
0.269076
0.063201
0.092472
0.078146
0.369451
0.115013
0.048906
0.392297
0.262584
0.292296
0.147916
0.064385
0.199987
0.334089
1.058552
0.152187
0.646265
0.296152
0.377370
0.666662
0.016165
0.683358
0.131913
0.283243
0.579816
0.670305
0.288512
0.591485
0.217147
0.278324
0.659417
0.266678
0.250014
0.675600
0.222342
0.677116
0.669812
0.081786
0.092473
0.041260
0.043778
0.080086
0.052312
0.039525
0.054595
0.037082
0.265096
0.000631
0.301449
0.040041
0.047494
0.172010
0.526935
0.124622
0.299367
0.292492
0.134103
0.052182
0.313330
0.274113
0.278702
0.239844
0.114512
0.257634
1.357438
0.256372
0.023521
0.076097
0.260171
0.262960
0.000999
0.066888
0.034369
0.021716
0.697767
0.270814
0.420253
0.430934
0.312563
0.208652
0.210132
0.343479
0.392989
0.159077
0.262055
0.113417
0.062855
0.266217
0.270880
0.075387
0.036387
0.300717
0.065818
0.054387
0.063759
0.265375
0.263916
0.157480
0.049995
0.061386
0.058918
0.051848
0.394923
0.099933
0.265305
0.437060
0.298687
0.834861
0.472811
0.177105
0.514367
0.370332
0.689048
0.270264
0.249370
0.675914
0.273995
0.241730
0.141224
0.274791
0.250486
0.269547
0.656936
0.260173
0.221063
0.265578
0.273229
0.164501
0.265078
0.077459
0.087047
0.106475
0.000000
0.070832
0.078750
0.158731
0.106723
0.150328
0.097076
0.192472
0.283667
0.156435
0.166735
0.646899
0.221000
0.125504
0.201222
0.024549
0.250844
0.271815
0.096254
0.104085
0.267344
0.640680
0.261661
0.067791
0.267220
0.099719
0.067509
0.076477
0.104734
0.031373
0.266707
0.153219
0.083479
0.265485
0.085314
0.139036
0.061698
0.066305
0.332202
0.036528
0.047701
0.066201
0.131811
0.042130
0.144816
0.050389
0.288479
0.283194
0.167353
0.203535
0.231801
0.246442
0.330629
0.380762
0.131477
0.224621
0.274561
0.117153
0.096010
0.263407
0.262655
0.041978
0.070556
0.035637
0.083599
0.201792
1.004498
0.056703
0.034057
0.000245
0.263289
0.100857
0.087588
0.045486
0.139647
0.061705
0.059106
0.087501
0.043623
0.028854
0.298428
0.489001
0.292209
0.651236
0.374521
0.255523
0.151458
0.138144
0.237780
0.250569
0.261602
0.277203
0.263937
0.106273
0.662785
0.261220
0.576522
0.275460
0.069956
0.342980
0.272983
0.077518
0.268226
0.045124
0.097326
0.306765
0.036041
0.314107
0.259249
0.052153
0.042008
0.068531
0.013923
0.141515
0.608864
0.555934
0.474641
0.231249
0.052537
0.418368
0.928438
0.299954
0.348776
0.678712
0.292438
0.257475
0.358315
0.240107
0.296608
0.119854
0.225260
0.107010
0.260127
0.260580
0.273459
0.000000
0.000000
0.025274
0.025366
0.075288
0.084444
0.084482
0.063592
0.077999
0.132993
0.073441
0.386572
0.046036
0.304281
0.044353
0.147766
0.114772
0.110453
0.136238
0.038488
0.037960
0.175550
0.025272
0.398679
0.818313
0.168747
0.692437
0.523933
0.430195
0.288479
0.287862
0.290720
0.673715
0.145136
0.680417
0.094983
0.255076
0.680062
0.272662
0.261844
0.088960
0.082101
0.263406
0.084844
0.061742
0.145091
0.197084
0.373388
0.165772
0.144846
0.055219
0.000000
0.457455
0.180245
0.562329
0.128098
0.797614
0.275155
0.272582
0.686724
0.144845
0.689975
0.700493
0.280124
0.251177
0.274891
0.620187
0.484055
0.237129
0.276920
0.051503
0.068011
0.063123
0.040072
0.114615
0.261567
0.262790
0.263214
0.070051
0.037367
0.048088
0.067293
0.570016
0.090907
0.038388
0.734207
0.018411
0.044058
0.172760
0.215760
0.049300
0.282780
0.000017
0.328200
0.235080
0.707111
0.676404
0.683435
0.224211
0.023214
0.106063
0.076273
0.034296
0.080220
0.410029
0.263395
0.000000
0.024884
0.006626
0.948784
0.072804
0.097654
0.091876
0.068617
0.074283
0.276864
0.049623
0.291489
0.050587
0.040423
0.200337
0.032637
0.518237
0.163419
0.662511
0.217309
0.000000
0.331021
0.318388
0.205668
0.353397
0.220410
0.296668
0.346989
0.144751
0.310982
0.478789
0.301282
0.279551
0.273560
0.127805
0.252918
0.264223
0.684210
0.262946
0.265511
0.258308
0.265165
0.261483
0.075861
0.293091
0.066244
0.261182
0.128622
0.046598
0.408848
0.331432
1.067739
0.029250
0.021952
0.645003
0.125147
0.196626
0.625344
0.381567
0.625775
1.277413
0.901977
0.043825
0.273124
0.213996
0.225427
0.184890
0.496538
0.029764
0.258329
0.350044
0.332183
0.246040
0.102328
1.076943
0.249017
0.265040
0.259801
0.641162
0.281763
0.260169
0.263639
0.275108
0.072767
0.261928
0.034179
0.261053
0.001547
0.082901
0.121416
0.069263
0.085958
0.026044
0.387434
0.052862
0.157066
0.316555
0.072696
0.137872
0.287613
0.273574
0.000875
0.286588
0.272700
0.259929
0.703907
0.246779
0.152514
0.245919
0.261106
0.220025
0.262944
0.021221
0.249286
0.257415
0.261431
0.003165
0.665987
0.053809
0.102054
0.038744
0.074622
0.070606
0.309552
0.058386
0.100804
0.000000
0.463668
1.148091
0.012722
0.073249
0.816417
0.279030
0.752322
0.000133
0.309303
0.251392
0.257875
0.272676
0.231624
0.330302
0.282236
0.147497
0.220252
0.735946
0.237209
0.360920
0.147202
0.248114
0.275272
0.660508
0.250423
0.276346
0.263001
0.272536
0.032615
0.085249
0.077643
0.261465
0.306950
0.082698
0.077931
0.133966
0.062654
0.129248
0.071875
0.041076
0.784175
0.103802
0.045164
0.581069
0.505968
0.133971
0.261199
0.846323
0.528852
0.072439
0.609663
0.493608
0.150363
0.321872
0.766958
0.255202
0.252178
0.332433
0.112196
0.162304
0.137373
0.263064
0.109572
0.118709
0.261020
0.026955
0.091160
0.412264
0.261747
0.291998
0.084173
0.260692
0.083282
0.002364
0.083849
0.087436
0.305966
0.056683
0.078249
0.336496
0.305211
0.801060
0.147066
0.146698
0.594217
0.139481
0.605689
0.018595
1.169567
0.269235
0.000289
0.361612
0.287478
0.596703
0.235450
0.271330
0.117025
0.595094
0.176133
0.495600
0.190725
0.274650
0.249104
0.302623
0.276972
0.125043
0.263639
0.256030
0.088033
0.079735
0.278563
0.259673
0.257229
0.095260
0.101500
0.066694
0.091589
0.080618
0.077397
0.297708
0.341262
0.142544
0.299665
0.063898
0.293401
0.045542
0.044510
0.138472
0.520773
0.239735
0.001845
0.601939
0.001578
0.632692
0.412509
0.225155
0.027674
0.232778
0.101133
0.252318
0.283905
0.160290
0.252303
0.393210
0.256004
0.255083
0.261527
0.284585
0.119449
0.263398
0.261492
0.262864
0.282716
0.234209
0.263864
0.259635
0.259010
0.233614
0.257464
0.237299
0.257911
0.237028
0.345521
0.259104
0.259012
0.298077
0.319382
0.000000
0.075159
0.106695
0.086392
0.125427
0.050347
0.015066
0.064810
0.238398
0.460338
0.332473
0.401883
0.342720
0.238984
0.781756
0.089470
0.007098
0.139630
0.685064
0.126469
0.252703
0.251453
0.118556
0.254747
0.229248
0.262750
0.283406
0.260112
0.277156
0.259983
0.260428
0.233917
0.259281
0.226806
0.258241
0.233962
0.377469
0.042429
0.075353
0.079147
0.359297
1.206911
0.400692
0.090052
0.094396
0.062329
0.502457
0.138554
0.308660
0.215318
0.219610
0.283240
0.335185
0.129288
0.258675
0.253636
0.256636
0.261824
0.663990
0.272544
0.262765
0.260577
0.260437
0.213978
0.264853
0.261570
0.261635
0.091957
0.258655
0.088144
0.297585
0.086394
0.131951
0.297200
0.420884
0.294150
0.215000
0.314847
0.224858
0.128674
0.003035
0.163716
0.073806
0.416759
0.201850
0.218503
0.291699
0.146809
0.331114
0.263095
0.260156
0.278230
0.216810
0.257440
0.264433
0.217838
0.259544
0.063039
0.280167
0.083819
0.277023
0.063830
0.064461
0.181177
0.038392
0.132865
0.369605
0.203181
0.312497
0.202475
0.200587
0.145272
0.194497
0.277638
0.152484
0.126884
0.668101
0.258146
0.259190
0.152335
0.262069
0.260552
0.261007
0.261213
0.258748
0.271490
0.270323
0.268676
0.264783
0.259681
0.232503
0.042545
0.348081
0.245888
0.064556
0.080092
0.282179
0.212534
0.032824
0.084446
0.070841
0.097715
0.297797
0.063096
0.799462
0.290410
0.052436
0.291943
0.066003
0.032970
0.073994
0.305341
0.091228
0.013326
0.680716
0.013868
0.000382
0.212236
0.000073
0.871417
0.151481
0.824067
0.047550
0.226774
0.171565
0.022922
0.140231
0.262858
0.287362
0.195762
0.155055
0.283868
0.166860
0.146716
0.318561
0.129979
0.662475
0.226490
0.283456
0.268648
0.267144
0.076886
0.289250
0.094058
0.296276
0.077747
0.285113
0.060102
0.284230
0.039023
0.051223
0.315785
0.360875
0.991241
0.045537
0.598823
0.920866
0.023543
0.186309
0.216855
1.024924
0.915775
0.432884
0.752426
0.000285
0.348897
0.200966
0.217028
0.213405
0.424666
0.239767
0.176556
0.301034
0.299840
0.277429
0.221239
0.065205
0.299037
0.095158
0.262474
0.096948
0.091644
0.357741
0.291024
0.283401
0.071958
0.279741
0.042922
0.318882
0.156432
0.184891
0.038975
0.430275
0.000726
0.000221
0.000630
0.222603
0.217222
0.264254
0.309162
0.397736
0.293450
0.160024
0.670593
0.282797
0.287514
0.284100
0.270927
0.271528
0.269457
0.172985
0.090503
0.849860
0.308721
0.301658
0.304530
0.296658
0.277121
0.283760
0.036287
0.385751
0.399286
1.170154
0.087535
0.240598
0.267803
0.195239
0.554524
0.000004
0.144081
0.025579
0.027247
0.000137
0.027620
0.000321
0.054418
0.000193
0.550206
0.197122
0.210466
0.395857
0.392440
1.186061
0.171892
0.135984
0.450288
0.220862
0.267865
0.725348
0.129844
0.158503
0.288667
0.637599
0.293712
0.281977
0.324092
0.123086
0.286260
0.132858
0.278848
0.076483
0.090542
0.291870
0.007176
0.118640
0.080304
0.115414
0.365301
0.356394
0.141194
0.304564
0.302306
1.086440
0.343296
0.070675
0.061751
0.557677
0.396323
0.022946
0.000040
0.000236
0.056994
0.057767
0.097141
0.455839
0.000052
0.544075
0.220516
0.353164
0.297089
0.285986
0.722374
0.143137
0.984917
1.302586
0.645613
0.640375
0.282871
0.226719
0.276186
0.282582
0.218755
0.270858
0.303034
0.258275
0.319877
0.277193
0.065723
0.056333
0.082123
0.271223
0.193672
0.014886
0.078607
0.018837
0.000082
0.207707
0.333462
0.000425
0.167504
0.035705
0.330228
0.148362
0.292506
0.120781
0.278752
0.235302
0.284840
0.281425
0.245449
0.052810
0.064053
0.292729
0.093643
0.133793
0.122095
0.020588
0.116019
0.051594
0.165310
0.219030
0.154437
0.359828
0.598034
0.000131
0.766587
0.779306
0.149165
0.290678
0.257950
0.241278
0.272172
0.224633
0.023219
0.040894
0.058757
0.266783
0.269215
0.278622
0.096891
0.134707
0.048243
0.236357
0.493170
0.004310
0.015701
0.452230
0.202444
0.709754
0.219201
0.159055
0.167575
0.137394
0.284831
0.132342
0.283547
0.282102
0.051601
0.063687
0.122889
0.076736
0.129831
0.066556
0.270290
0.208406
0.070773
0.023401
0.085915
0.283024
0.071294
0.379770
0.018574
0.071718
0.155787
1.185224
0.155912
0.040724
0.228553
0.167621
0.163835
0.204846
0.172284
0.158713
0.149917
0.289950
0.231735
0.049480
0.113384
0.033932
0.206475
0.087616
0.091484
0.290982
0.263269
1.041007
0.073165
0.723745
0.391912
0.361208
1.159901
0.814385
0.301292
0.021648
0.008384
0.011489
0.071529
0.163630
1.056791
0.342137
0.288570
0.288704
0.290985
0.287959
0.300906
0.226037
0.086348
0.076860
0.317368
0.266463
0.260688
0.096220
0.128871
0.268666
0.078301
0.286665
0.242570
0.559827
0.008042
0.040417
0.120800
0.117331
0.189362
0.188736
0.235555
0.148421
0.230759
0.127291
0.179340
0.320070
0.309658
0.643816
0.135209
1.180456
0.139912
0.086596
0.070730
0.088488
0.089861
0.261815
0.232896
0.335076
0.064413
0.064928
0.081639
0.451646
0.093316
0.438855
0.161896
0.327074
0.017725
0.183739
0.005548
0.197313
0.689085
0.237740
0.208133
0.293700
0.294337
0.288359
0.118667
0.276959
0.261872
0.287510
0.358556
0.135919
0.052378
0.288752
0.062754
0.269347
0.324390
0.060245
0.131731
0.643562
0.038003
0.040172
0.059448
1.454710
0.495091
0.321441
0.253566
0.718281
0.342512
0.312153
0.295544
0.138062
0.141474
0.132450
0.254387
0.235630
0.099159
0.051676
0.258118
0.077623
0.090669
0.425621
0.634298
0.045578
0.183505
0.219472
0.246730
0.194086
0.293100
0.292974
0.638774
0.232463
0.086667
0.184031
0.099154
0.265081
0.052200
0.264115
0.048605
0.273393
0.222719
1.038329
0.027427
0.177484
0.622076
0.203404
0.651987
0.536144
0.173879
0.352061
0.158089
0.296550
0.334124
0.291705
0.345313
0.179444
0.263130
0.082065
0.875487
0.077906
0.469220
0.103534
0.090730
0.049136
0.708792
0.058893
0.520464
0.088174
0.195307
0.178034
0.631213
0.147931
0.132851
0.247539
0.113866
0.261919
0.057995
0.086528
0.085892
0.067765
0.275685
0.088947
0.052143
0.271491
0.143402
0.380269
0.489498
1.027236
0.000598
0.355989
0.212949
0.057848
0.321255
0.367981
0.337745
0.303018
0.307164
0.622156
0.130089
0.320115
0.239177
0.399795
0.099218
0.055217
0.280115
0.237003
0.210346
0.115503
0.347150
0.135462
0.267528
0.112380
0.068142
0.393174
0.049233
0.422134
0.787193
0.304855
0.267743
0.301256
0.279459
0.262240
0.243811
0.031081
0.268526
0.283170
0.323312
0.282561
0.474370
0.180405
0.176261
0.047704
0.058223
0.189168
0.198754
0.325264
0.376859
0.442627
0.146824
0.023072
0.076893
0.083459
0.195687
0.049305
1.028027
0.118139
0.088481
0.280606
0.094363
0.060703
0.070764
0.061949
0.049754
0.236900
0.087398
0.207997
0.067809
0.336479
0.057537
0.043274
0.613845
0.132231
0.333647
0.164395
0.193617
0.049661
0.065789
0.026365
0.083611
0.050992
0.074298
0.067836
0.123453
0.274225
0.354960
0.233144
0.213755
0.315519
0.179131
0.211986
0.106228
0.114875
0.323148
0.403056
0.972857
0.144593
0.298599
0.026832
0.028325
0.031364
0.053835
0.078046
0.049459
0.245688
0.080104
0.073664
0.053058
0.213968
0.221422
0.992623
0.141001
0.049733
0.104180
0.181953
0.381359
0.445961
0.156754
0.309213
0.272845
0.045640
0.083732
0.094262
0.991509
0.042901
0.110629
0.053759
0.076129
0.110486
0.046908
0.271840
0.211962
0.090150
0.369480
0.186284
0.042010
0.179008
0.202447
0.169219
0.622105
0.260183
0.516682
0.243170
0.077653
0.048336
0.032852
0.081322
0.050729
0.060267
0.646465
0.142163
0.186742
0.533376
0.172896
0.323945
0.371265
0.395102
0.316400
0.252156
0.650642
0.037239
0.030212
0.084715
0.126215
0.982559
0.091791
0.065804
0.149249
0.159064
0.069303
0.049926
0.181697
0.169255
0.040820
0.069999
0.123415
0.381149
0.061013
0.319572
0.178434
0.473108
0.122579
0.406830
0.364616
0.037611
0.047566
0.026393
0.062650
0.087389
0.243690
0.096009
0.169841
0.380629
0.357768
0.389513
0.383035
0.471227
0.184094
0.371455
0.237289
0.288338
0.060869
0.250182
0.064929
0.040010
0.167186
0.054249
0.061318
0.000000
0.035148
0.084159
0.161731
0.509187
0.176805
0.431364
0.142960
0.000000
0.135179
0.804254
0.097275
0.212307
0.183475
0.496917
0.153116
0.079697
0.258813
0.048776
0.656009
0.039746
0.057537
0.035713
0.052221
0.084777
0.063581
0.199136
0.120003
0.132888
0.010852
0.060910
0.007441
0.010012
0.007118
0.012481
0.226886
0.365288
0.005427
0.003837
0.005147
0.103198
0.008411
0.210135
0.475126
1.404710
0.421907
0.147760
0.152397
0.394326
0.053201
0.030005
0.049724
0.051992
0.076835
0.069674
0.028482
0.036035
0.020553
0.064169
0.354680
0.137803
0.149818
0.139804
0.017715
0.019253
0.041884
0.132726
0.012588
0.000400
0.023685
0.008277
0.000772
0.003978
0.144057
0.129088
0.175192
0.001475
0.069864
0.004250
0.401945
0.116126
0.121082
0.003810
0.117656
0.003861
0.127483
0.121310
0.033671
0.041355
0.380344
0.181443
0.479093
0.214051
0.211265
0.417908
0.408332
0.063102
0.037069
0.269984
0.172924
0.021906
0.050806
0.064543
0.048217
0.054332
0.222827
0.353672
0.001188
0.000000
0.141600
0.033304
0.136966
0.017728
0.000063
0.000202
0.182394
0.147234
0.122955
0.442859
0.006475
0.127089
0.141096
0.128235
0.003850
0.005090
0.103622
0.006127
0.118414
0.386747
0.107195
0.180332
0.511559
0.358881
0.313665
0.361075
0.029583
0.052104
0.158105
0.265457
0.080423
0.044059
0.063026
0.132222
0.009712
0.344449
0.002056
0.011223
0.009211
0.000520
0.127889
0.004984
0.000167
0.000040
0.131104
0.136813
0.139622
0.000787
0.000128
0.003538
0.134547
0.004115
0.124566
0.138334
0.003305
0.118289
0.104980
1.119229
0.045626
0.321494
0.447344
0.115169
0.309840
0.146565
0.079900
0.093278
0.259707
0.075717
0.080924
0.098742
0.039183
0.040477
0.143125
0.137466
0.126188
0.008152
0.004484
0.006387
0.201280
0.022031
0.053853
0.003616
0.026417
0.007779
0.128122
0.110392
0.404379
0.405894
0.217562
0.435385
0.437778
0.172047
0.957879
0.388220
0.161853
0.278852
0.040000
0.044342
0.028534
0.033254
0.074149
0.065135
0.065391
0.227692
0.190478
0.615055
0.065637
0.378003
0.045448
0.106755
0.401273
0.493314
0.289847
0.207374
0.088032
0.381854
0.141415
0.081065
0.067372
0.115503
0.038606
0.019653
0.130251
0.057020
0.052918
0.084804
0.057225
0.047599
0.041172
0.131327
0.153299
0.363705
0.371468
0.634353
0.234254
0.068561
0.048776
0.422239
0.387823
0.404076
0.277709
0.330752
0.393102
0.245764
0.496218
0.958832
0.265504
0.036214
0.063809
0.041246
0.040633
0.062023
0.099153
0.038915
0.035139
0.194088
0.076070
0.056534
0.369623
0.520514
0.000000
0.006449
0.174327
0.340841
0.042534
0.343681
0.431321
0.345462
0.108111
0.161962
0.148721
0.326870
0.265734
0.131519
0.061283
0.062085
0.067223
0.027607
0.260918
0.000000
0.044066
0.034326
0.059325
0.006908
0.048501
0.409883
0.184681
0.084623
0.166841
0.213996
0.038550
0.431124
0.059024
0.421060
0.419366
0.421537
0.358917
0.391499
0.082030
0.055737
0.026592
0.092853
0.045354
0.064510
0.033275
0.096205
0.105147
0.071467
0.052293
0.146381
0.095706
0.002457
0.020592
0.381008
0.392381
0.061603
0.000032
0.725910
0.056065
0.098070
0.052949
0.469242
0.192141
0.137774
0.537361
0.221781
0.197555
0.377986
0.066040
0.492018
0.350291
0.349416
0.374624
0.060601
0.095469
0.828328
0.091256
0.142307
0.315204
0.077667
0.048496
0.038151
0.151058
0.046316
0.023580
0.073064
0.374061
0.207834
0.026174
0.016922
0.023747
0.015864
0.422126
0.129291
0.426244
0.169244
0.369887
0.126354
0.156341
0.346413
0.397838
0.164943
0.150792
0.086567
0.078222
0.122352
0.177365
0.403252
0.041064
0.047164
0.017522
0.404900
0.055042
0.397626
0.002478
0.022516
0.222854
0.313081
0.070519
0.000993
0.001818
0.010156
0.157275
0.461971
0.391018
0.417202
0.075304
0.888275
0.234870
0.074906
0.193423
0.075099
0.242379
0.146202
0.036984
0.037304
0.201132
0.404368
0.070214
0.423596
0.154963
0.097027
0.171170
0.063968
0.123270
0.392059
0.157572
0.042619
0.001402
0.073644
0.100313
0.044853
0.017100
0.123253
0.221349
0.226777
0.429207
0.191464
0.027807
1.134812
0.380547
0.209739
0.329792
0.021821
0.413416
0.406234
0.142033
0.101346
0.092436
0.384184
0.052129
0.167511
0.154308
0.105276
0.080232
0.041743
0.092906
0.076482
0.162406
0.124932
0.036051
0.193346
0.409279
0.193937
0.419894
0.100768
0.182783
0.012127
0.068519
0.152040
0.419701
0.145855
0.074468
0.422255
0.131462
0.098903
0.095640
0.082069
0.069944
0.181458
0.046733
0.048419
0.048484
0.187149
0.159540
0.188112
0.071916
0.445863
0.409239
0.095647
0.061295
0.061519
0.430596
0.422265
0.021238
0.093463
0.108529
0.425068
0.414487
0.123761
0.088818
0.080855
0.076022
0.023109
0.071309
0.091054
0.035606
0.179072
0.064671
0.225827
0.183278
0.049389
1.045476
0.094953
0.095019
0.000363
0.281815
0.035533
0.129061
0.007255
0.102633
0.000310
0.122477
0.165812
0.142611
0.126913
0.419443
0.113674
0.031263
0.125592
0.071229
0.067245
0.554533
0.376975
0.168804
0.116629
0.871779
0.296999
1.137351
0.517440
0.995903
0.158349
0.170368
0.115738
0.622074
0.233742
0.077468
0.085690
0.032506
0.064467
0.070449
0.135686
0.332575
0.058372
1.237435
0.142977
0.347455
0.000148
0.429738
0.201582
0.124291
0.109509
0.421678
0.000701
0.001116
0.089420
0.205071
0.413772
0.379662
0.102518
0.120453
0.030070
0.094005
0.125803
0.056065
0.062107
0.045183
0.443774
0.647525
0.002532
0.277047
0.022033
0.106161
0.108998
0.134618
0.105501
0.007179
0.021709
0.096156
0.422407
0.133324
0.123600
0.074616
0.138079
0.090689
0.089321
0.078079
0.238556
0.258355
0.191807
0.047110
0.066520
0.425122
0.517047
0.074844
0.070650
0.463085
0.473530
0.000168
0.468011
0.518162
0.045383
0.101875
0.081667
0.161511
0.066915
0.165212
0.236071
0.183499
0.804499
0.159305
0.076831
0.147062
0.441460
0.758648
0.545251
0.418369
0.259707
0.168864
0.076887
0.937545
0.589151
0.027712
0.116223
0.790754
0.590719
0.417798
0.217249
0.077896
0.079646
0.080178
0.113572
0.216617
0.208748
0.372102
0.048168
0.044840
0.274159
0.065334
0.147033
0.080353
0.449211
0.443616
0.004987
0.073634
0.012050
0.363403
0.172943
0.390841
0.109981
0.076331
0.251852
0.057786
0.149217
0.420501
0.070590
0.067242
0.061307
0.187012
0.919378
0.277375
0.132420
0.142775
0.346252
0.012225
0.012058
0.008983
0.106567
0.087595
0.421257
0.132748
0.100767
0.181401
0.099807
0.083537
0.243056
0.234739
0.155973
0.009586
0.372819
0.261611
0.000271
0.025110
0.138081
0.431005
0.109077
0.103486
0.184438
0.080734
0.179156
0.486587
0.204827
0.050629
0.055218
0.680614
0.069555
0.366623
0.298198
0.239123
0.315219
0.239803
0.259636
0.090414
0.174075
0.437875
0.179816
0.156988
0.067416
0.103411
0.222655
0.235505
0.193767
0.049499
0.056642
0.655345
0.068588
0.001924
0.164795
0.100498
0.187185
0.043416
0.200946
0.209752
0.044434
0.196000
0.128035
0.206440
0.082306
0.090834
0.202472
0.080447
0.100215
0.185013
0.384874
0.084532
0.200296
0.092511
0.553788
0.100594
0.127749
0.030567
0.221757
0.732361
0.189110
0.052322
0.325381
0.103242
0.321166
0.431960
0.000414
0.089887
0.219781
0.105496
0.096627
0.029469
0.237849
0.242263
0.180388
0.153712
0.543646
0.208411
0.590386
0.100839
0.777045
0.119244
0.000481
0.008664
0.000162
0.417860
0.102343
0.108716
0.023582
0.184173
0.225380
0.052933
0.339870
0.117923
0.072392
0.108903
0.166095
0.325319
0.116002
0.087576
0.192980
0.401423
0.173350
0.037511
0.036031
0.076971
0.144559
0.066697
0.352999
0.216230
0.231373
0.118598
0.110648
0.539839
0.998495
0.226940
0.564513
0.370602
0.182539
0.110844
0.048165
0.128452
0.056105
0.046902
0.150031
0.058131
0.059566
1.192317
0.309870
0.264969
0.219754
0.089040
0.013031
0.013496
0.169311
0.422704
0.472759
0.108155
0.772293
0.100790
0.111460
0.049854
0.031582
0.200645
0.214239
0.180381
0.275669
0.052670
0.132887
0.111011
0.106234
0.383593
0.498335
0.298943
0.285990
0.089998
0.417627
0.218204
0.503936
0.134874
0.029135
0.182932
0.231414
0.595683
0.247820
0.633373
0.057602
0.098176
0.181758
0.083101
0.407979
0.114866
0.593744
0.124894
0.594755
0.001112
0.106374
0.089507
0.088090
0.030880
0.228007
0.660378
0.208961
0.113278
0.799793
0.257744
0.105542
0.282193
0.527871
0.087185
0.328968
0.248106
0.395142
0.458817
0.185770
0.034561
0.211775
0.076765
0.347555
0.157550
0.120108
0.057879
0.112230
0.102608
0.392238
0.472987
0.770740
0.001377
0.187027
0.082940
0.097760
0.032630
0.241624
0.795485
0.239920
0.394539
0.191359
0.471174
0.518590
0.469167
0.395437
0.103393
0.083392
0.095673
0.108249
0.033455
0.038064
0.846151
0.276641
0.287085
0.189960
1.078996
0.588777
0.205958
0.493959
0.251101
0.503011
0.002656
0.104688
0.178644
0.200670
0.743993
0.223390
0.103035
0.037095
0.292818
0.229293
0.253501
0.098295
0.359874
0.233904
0.433835
0.165551
0.213795
0.265424
0.396839
0.139585
0.178880
0.184354
0.179075
0.231438
0.302686
0.485091
0.357499
0.285382
0.153158
0.175095
0.107537
0.235933
0.047851
0.044021
0.048483
0.063613
0.244086
0.056404
0.073751
0.358864
0.338829
0.301935
0.193098
0.232245
0.248722
0.100727
0.096904
0.092623
0.041406
0.029386
0.102876
0.059363
0.102941
0.069227
0.126762
0.230744
0.174682
0.309122
0.194358
0.095081
0.182179
0.000000
0.022105
0.083278
1.098365
0.066980
0.047773
0.167455
0.038286
0.116364
0.055520
0.233817
0.291539
0.088473
0.163693
0.350085
0.090457
0.142985
0.867913
0.042684
0.031746
0.026669
0.082107
0.140639
0.069203
0.316976
0.064400
0.155519
0.279182
0.187304
0.103831
0.022857
0.237164
0.422153
0.553272
0.237024
0.217393
0.112863
1.054066
0.220300
0.189278
0.191664
0.180670
0.119767
0.181911
0.333113
0.226054
0.205113
1.100854
0.223456
0.218236
0.179551
0.213960
0.093258
0.191837
0.273135
0.104747
0.176843
0.517393
0.538134
0.197990
0.615588
0.107664
0.074142
0.281669
0.337415
0.284968
0.820826
0.919191
0.094697
0.054040
0.142232
0.109072
0.501427
0.555435
0.259166
0.335675
0.178531
0.394069
0.268041
0.495545
0.162251
0.084391
0.204054
0.139508
0.481608
0.239521
0.456067
0.295636
0.090148
0.369144
0.540713
0.264716
0.161144
0.713087
0.105087
0.794863
0.547951
0.126532
0.538988
0.178096
0.187020
0.108498
0.177933
0.278172
0.178197
0.088472
0.158595
0.167750
0.393121
0.239518
0.000000
0.462288
0.536936
0.098122
0.155560
0.172907
0.426863
0.146762
0.315555
0.192862
0.186974
0.179795
0.168681
0.060848
0.161659
0.114102
0.079872
0.509648
0.174619
0.204158
0.162382
0.633310
0.205019
0.947295
0.057478
0.163002
0.149718
0.160022
0.181859
0.127663
0.485855
0.060612
0.186535
0.154433
0.104058
0.160955
0.564550
0.189462
0.170000
0.137137
0.105064
0.135297
0.748592
0.063999
0.803162
0.197801
0.684299
0.556999
0.513231
0.224061
0.532327
0.491389
0.176816
0.058063
0.492730
0.289499
0.559683
0.199745
0.181959
0.419640
0.563763
0.061634
0.340056
0.083415
0.619504
0.466428
0.058531
0.212004
0.618542
0.060571
0.445949
0.536499
0.144358
0.050934
0.404606
0.062458
0.062990
0.455317
0.057553
0.560604
0.088150
0.516120
0.073974
0.582585
0.539115
0.461262
0.582388
0.612532
0.499733
0.200705
0.159784
0.591291
0.395583
0.060302
0.581815
0.578477
0.178837
0.223311
0.485451
0.182966
0.055881
0.553258
0.230504
0.066032
0.001087
0.002588
0.038008
0.035650
0.757543
0.547728
0.329282
0.001147
0.688464
0.000605
0.689151
0.010121
0.006037
0.381129
0.078056
0.394070
0.039741
0.396358
0.312425
0.010419
0.136619
0.000095
0.102179
0.000719
0.000019
0.689374
0.003867
0.398020
0.000363
0.400298
0.000191
0.026927
0.029022
0.014639
0.000034
0.000066
0.003693
0.049292
0.395428
0.012895
0.028818
0.028635
0.008088
0.396330
0.015323
0.000932
0.000515
0.004851
0.159328
0.369200
0.049484
0.372382
0.005006
0.005850
0.400907
0.009137
0.048710
0.005359
0.003635
0.003482
0.031439
0.104377
0.162394
0.155714
0.048343
0.003337
0.368725
0.006125
0.000168
0.065992
0.004965
0.028570
0.005809
0.008064
0.003354
0.000072
0.064955
0.071769
0.126464
0.006740
0.000086
0.011974
0.135650
0.001355
0.000179
0.006719
0.001412
0.000294
