2344
0.018858
0.577616
0.296329
0.024231
0.078239
0.016719
0.023273
0.023665
0.032654
0.034582
0.456550
0.031067
0.027876
0.023893
0.024065
0.023729
0.033305
0.034099
0.071275
0.032889
0.027142
0.023437
0.029640
0.029953
0.029381
0.029485
0.048622
0.051704
0.093061
0.448638
0.035113
0.029472
0.029181
0.029235
0.029190
0.028947
0.028759
0.028700
0.044333
0.048362
0.093931
0.061287
0.039107
0.030174
0.029475
0.029698
0.000558
0.001716
0.033265
0.033637
0.037546
0.050229
0.068020
0.047613
0.033086
0.031289
0.031176
0.031323
0.031287
0.030989
0.030812
0.030878
0.032699
0.048261
0.068104
0.050563
0.037619
0.033647
0.033273
0.000884
0.002787
0.004065
0.000284
0.036633
0.040213
0.054328
0.074587
0.044108
0.033355
0.032146
0.032376
0.032701
0.032676
0.032397
0.032069
0.031813
0.032968
0.044801
0.074722
0.054519
0.040118
0.036539
0.000622
0.003108
0.005380
0.006787
0.002639
0.040718
0.044173
0.059572
0.081377
0.042649
0.034536
0.033812
0.034348
0.034833
0.034811
0.034523
0.034027
0.033456
0.034123
0.043408
0.081535
0.059744
0.044161
0.040698
0.002976
0.005700
0.007087
0.008623
0.004103
0.044698
0.048183
0.064651
0.087474
0.044803
0.036785
0.036180
0.036852
0.037426
0.037399
0.037116
0.036525
0.035806
0.036332
0.044948
0.087315
0.064458
0.048121
0.044662
0.004439
0.007407
0.010112
0.011737
0.006943
0.002109
0.054211
0.071427
0.093079
0.046492
0.038795
0.038334
0.039145
0.039813
0.039793
0.039496
0.038804
0.037942
0.038321
0.046057
0.093115
0.071502
0.054305
0.002483
0.007282
0.010435
0.011137
0.012856
0.007770
0.002639
0.056732
0.074164
0.097631
0.049693
0.041276
0.040660
0.041481
0.042190
0.042173
0.041880
0.041159
0.040284
0.040772
0.048864
0.097621
0.074449
0.056720
0.003008
0.008102
0.011453
0.011544
0.013315
0.008133
0.002806
0.055639
0.074488
0.101359
0.048232
0.040257
0.039871
0.040853
0.041635
0.041588
0.041332
0.040552
0.039530
0.039784
0.047348
0.101446
0.074740
0.055644
0.003382
0.008462
0.011858
0.012404
0.014210
0.008956
0.003241
0.056489
0.076236
0.104185
0.048055
0.040217
0.039920
0.040981
0.041786
0.041701
0.041480
0.040672
0.039576
0.039754
0.047276
0.104158
0.076108
0.056526
0.004179
0.009292
0.012723
0.013218
0.015054
0.009685
0.003617
0.058814
0.078785
0.105877
0.049622
0.237233
0.238262
0.242393
0.246304
0.250647
0.245345
0.240809
0.235735
0.235104
0.048866
0.105784
0.078383
0.058854
0.004739
0.010028
0.013541
0.013843
0.015687
0.010266
0.004051
0.061417
0.081162
0.106437
0.316335
0.237831
0.238772
0.242968
0.246863
0.251453
0.246084
0.241312
0.236277
0.235717
0.259313
0.106343
0.080704
0.061444
0.005163
0.010612
0.014167
0.015128
0.016939
0.011582
0.005805
0.063503
0.082617
0.105835
0.317353
0.237436
0.238091
0.242382
0.246281
0.251184
0.245458
0.240741
0.235615
0.235350
0.259632
0.105794
0.082226
0.063497
0.006479
0.011930
0.015454
0.016075
0.017832
0.012607
0.007209
0.064677
0.083306
0.104173
0.319964
0.236806
0.236482
0.241295
0.245289
0.250634
0.244376
0.239696
0.234124
0.234765
0.261029
0.104191
0.083025
0.064663
0.007596
0.012954
0.016398
0.015976
0.017686
0.012578
0.007241
0.064933
0.082685
0.101617
0.325679
0.236712
0.234786
0.240534
0.244715
0.250554
0.243682
0.238985
0.232448
0.234650
0.265235
0.101618
0.082527
0.064920
0.007628
0.012924
0.016301
0.015603
0.017255
0.012293
0.007050
0.064592
0.081285
0.098222
0.331813
0.236457
0.232841
0.239559
0.243920
0.250225
0.242636
0.238052
0.230334
0.234407
0.269530
0.098223
0.081116
0.064575
0.007441
0.012640
0.015929
0.014957
0.016542
0.011754
0.006634
0.063636
0.079136
0.094107
0.271993
0.040967
0.039863
0.040550
0.041209
0.041177
0.041317
0.040643
0.039944
0.041055
0.339575
0.094108
0.078977
0.063617
0.006442
0.011593
0.014808
0.014043
0.015552
0.010961
0.004741
0.062042
0.076286
0.089387
0.053571
0.040431
0.039109
0.039639
0.040220
0.040196
0.040309
0.040250
0.040018
0.041164
0.052569
0.089389
0.076136
0.062027
0.004373
0.009562
0.013275
0.012865
0.014296
0.009338
0.002488
0.059816
0.072785
0.084172
0.057280
0.039652
0.038109
0.038472
0.038970
0.038953
0.038972
0.038918
0.038772
0.040041
0.053269
0.084171
0.072650
0.059800
0.002103
0.007685
0.012180
0.011154
0.012786
0.006913
0.000067
0.056979
0.068686
0.078549
0.060881
0.038631
0.036870
0.037067
0.037476
0.037462
0.037392
0.037348
0.037294
0.038675
0.057697
0.078548
0.068586
0.056962
0.051752
0.006570
0.010833
0.008404
0.010819
0.004298
0.048089
0.053062
0.063706
0.072531
0.064266
0.037856
0.036338
0.036291
0.036320
0.035934
0.035778
0.035754
0.035790
0.037271
0.064464
0.072660
0.063740
0.053100
0.048120
0.005206
0.009217
0.008740
0.010861
0.005135
0.044167
0.048987
0.059022
0.066155
0.056382
0.034123
0.032827
0.032809
0.032842
0.032461
0.032134
0.032402
0.032455
0.033281
0.058355
0.066187
0.059005
0.048982
0.044177
0.005139
0.008750
0.008996
0.010814
0.005910
0.000887
0.044427
0.053483
0.059712
0.050152
0.029529
0.028522
0.028557
0.028593
0.028237
0.027851
0.028108
0.028133
0.028768
0.048164
0.059742
0.053474
0.044424
0.039951
0.004934
0.009190
0.009010
0.010526
0.006444
0.002141
0.038953
0.047236
0.053093
0.043243
0.025026
0.024375
0.024502
0.024566
0.024237
0.023778
0.024015
0.023990
0.024386
0.036383
0.053273
0.047378
0.039035
0.000064
0.005719
0.009384
0.010402
0.011519
0.008555
0.005748
0.034776
0.042632
0.046481
0.020299
0.018239
0.018110
0.018358
0.018423
0.018065
0.017635
0.017892
0.017810
0.017862
0.019161
0.046311
0.042398
0.034656
0.004337
0.008429
0.011014
0.009521
0.010363
0.009704
0.007173
0.000550
0.049227
0.050459
0.015294
0.015016
0.015280
0.014307
0.014378
0.014060
0.013518
0.015693
0.015339
0.325176
0.451897
0.051643
0.042035
0.037177
0.005930
0.008446
0.010304
0.010512
0.468013
0.014053
0.045932
0.009880
0.013611
0.009715
0.010497
0.297222
0.020539
0.015944
0.011904
0.725047
0.005841
0.005841
0.003154
0.278089
0.296510
0.002279
0.004680
0.005841
0.005841
0.005841
0.005840
0.005840
0.003154
0.005840
0.001160
0.002279
0.282033
0.005840
0.005840
0.263615
0.000000
0.005083
0.005980
0.000000
0.002031
0.002032
0.002302
0.002031
0.000000
0.907862
0.005979
0.003642
0.010783
0.015982
0.015982
0.015963
0.955737
0.003643
0.000000
0.005083
0.002988
0.001275
0.001275
0.001504
0.000000
0.000000
0.000000
0.000000
0.003058
0.001529
0.003058
0.001529
0.398312
0.316607
0.030416
0.028698
0.025313
0.019262
0.014033
0.000000
0.012684
0.019263
0.025313
0.028698
0.003697
0.042765
0.013220
0.019178
0.025253
0.028644
0.030353
0.068289
0.012685
0.019263
0.025314
0.028698
0.030324
0.316607
0.014033
0.019263
0.025314
0.028699
0.030323
0.316607
0.012686
0.019262
0.025312
0.028697
0.030369
0.316607
0.014036
0.019265
0.025312
0.028698
0.030417
0.316607
0.012684
0.019263
0.025314
0.028697
0.030415
0.316607
0.014033
0.019262
0.025314
0.028699
0.000699
0.035534
0.012685
0.019264
0.025313
0.028699
0.001626
0.035534
0.014035
0.019263
0.025314
0.028699
0.030417
0.316607
0.321563
0.287682
0.025314
0.028698
0.030415
0.316607
0.115806
0.178168
0.166191
0.028760
0.030424
0.316607
0.656706
0.656552
0.648999
0.028698
0.030417
0.316607
0.011959
0.019262
0.025312
0.028699
0.030415
0.316607
0.012009
0.019262
0.025313
0.028633
0.030411
0.316607
0.011969
0.019176
0.025255
0.028608
0.003707
0.035548
0.012010
0.019265
0.025313
0.028698
0.030324
0.316607
0.011958
0.019263
0.025314
0.028698
0.030325
0.316607
0.012685
0.019262
0.025314
0.028699
0.030323
0.316607
0.012009
0.019262
0.025312
0.028697
0.030369
0.316607
0.011960
0.019265
0.025312
0.028699
0.030417
0.316607
0.012684
0.019263
0.025314
0.028697
0.030415
0.316607
0.014033
0.019263
0.025314
0.028699
0.000772
0.035534
0.012685
0.019264
0.025314
0.028699
0.001554
0.035534
0.012010
0.019263
0.025313
0.028699
0.030417
0.098151
0.011957
0.019263
0.025314
0.028698
0.030415
0.126305
0.014545
0.019354
0.025375
0.028760
0.030424
0.316607
0.014035
0.019264
0.025312
0.028698
0.030417
0.316607
0.012686
0.019262
0.025312
0.028698
0.030415
0.316607
0.011344
0.000000
0.008367
0.003652
0.009202
0.013596
0.004734
0.000000
0.003026
0.000000
0.000000
0.004403
0.012605
0.004403
0.008368
0.002935
0.008749
0.013613
0.004637
0.000000
0.002935
0.000000
0.000000
0.006620
0.012539
0.004403
0.008368
0.003652
0.009312
0.013542
0.004853
0.006187
0.000000
0.000000
0.000000
0.004403
0.003282
0.004151
0.008369
0.000000
0.000000
0.006261
0.018449
0.006186
0.002935
0.000000
0.000000
0.006672
0.000000
0.005083
0.005980
0.003643
0.010725
0.002032
0.002302
0.015935
0.005980
0.003643
0.000000
0.005083
0.002167
0.015982
0.010798
0.001936
0.000000
0.000000
0.000000
0.000000
0.002015
0.002015
0.002015
0.002015
0.000000
0.000000
0.000000
0.000000
0.001934
0.001934
0.001934
0.001934
0.398312
0.316607
0.030416
0.028698
0.025313
0.019262
0.012685
0.000000
0.011959
0.019263
0.025313
0.028698
0.003697
0.095630
0.011628
0.019177
0.025253
0.028645
0.030354
0.055027
0.012685
0.019263
0.025314
0.028697
0.030325
0.316607
0.014033
0.019263
0.025314
0.028699
0.030323
0.316607
0.012686
0.019262
0.025312
0.028697
0.030369
0.316607
0.014036
0.019264
0.025313
0.028699
0.030417
0.316607
0.012684
0.019263
0.025314
0.028697
0.030415
0.316607
0.014034
0.019263
0.025314
0.028698
0.000700
0.035534
0.012686
0.019264
0.025313
0.028699
0.001626
0.035534
0.014035
0.019263
0.025314
0.028699
0.030417
0.316607
0.303263
0.271885
0.025314
0.028699
0.030414
0.316607
0.114320
0.160287
0.025375
0.028760
0.030423
0.316607
0.652439
0.652083
0.025313
0.028699
0.030416
0.316607
0.011959
0.019264
0.025312
0.028699
0.030415
0.316607
0.012009
0.019262
0.025313
0.028633
0.030411
0.316607
0.011970
0.019177
0.025255
0.028608
0.003708
0.035548
0.012011
0.019264
0.025313
0.028699
0.030324
0.042767
0.011959
0.019264
0.025314
0.028698
0.030325
0.068293
0.012684
0.019262
0.025314
0.028699
0.030323
0.316607
0.012009
0.019262
0.025312
0.028697
0.030369
0.316607
0.011960
0.019265
0.025312
0.028699
0.030417
0.316607
0.012684
0.019263
0.025314
0.028698
0.030415
0.316607
0.014033
0.019264
0.025314
0.028698
0.000772
0.035534
0.012687
0.019264
0.025313
0.028699
0.001554
0.035534
0.014034
0.019262
0.025313
0.028699
0.030417
0.096503
0.012684
0.019263
0.025314
0.028699
0.030415
0.126603
0.015520
0.019354
0.025375
0.028760
0.030423
0.316607
0.012686
0.019264
0.025312
0.028699
0.030416
0.316607
0.014034
0.019264
0.025313
0.028699
0.030415
0.316607
0.006716
0.000000
0.008367
0.003652
0.009202
0.013596
0.004733
0.000000
0.000000
0.006066
0.000000
0.004151
0.012604
0.003282
0.008368
0.003652
0.004151
0.006262
0.018516
0.006187
0.003652
0.000000
0.000000
0.006620
0.012539
0.050671
0.050785
0.000000
0.004151
0.010861
0.004631
0.006187
0.003272
0.006066
0.004403
0.004403
0.004403
0.000000
0.000000
0.003272
0.000000
0.006261
0.018449
0.006186
0.003652
0.005917
0.000000
0.011369
0.000000
0.026936
0.033483
0.027868
0.015287
0.358747
0.000000
0.000000
0.000000
0.027209
0.015959
0.000000
0.015245
0.015780
0.358079
0.015214
0.000000
0.018896
0.015284
0.014802
0.015958
0.000000
0.014290
0.019869
0.015219
0.016030
0.016145
0.017447
0.017100
0.017529
0.018123
0.148092
0.146829
0.016300
0.017328
0.015954
0.017006
0.016029
0.017097
0.016787
0.017430
0.017083
0.018142
0.017254
0.018302
0.016276
0.017304
0.015966
0.017025
0.016041
0.016483
0.166730
0.351153
0.021776
0.016036
0.019982
0.018666
0.017173
0.017910
0.016999
0.017279
0.018258
0.018107
0.017396
0.017073
0.016980
0.017299
0.169821
0.084993
0.017414
0.070300
0.015267
0.015290
0.014403
0.060985
0.015973
0.015942
0.014745
0.045317
0.015269
0.015450
0.015948
0.000000
0.015321
0.015917
0.015254
0.000000
0.149977
0.006810
0.016005
0.000000
0.014094
0.006621
0.000000
0.006551
0.154151
0.014900
0.015701
0.006609
0.015647
0.016053
0.015939
0.016938
0.016822
0.000206
0.015336
0.015956
0.015638
0.016069
0.015790
0.017121
0.016574
0.016159
0.015491
0.015954
0.015373
0.015806
0.015384
0.015824
0.019350
0.028855
0.578652
0.358877
0.000000
0.000000
0.033484
0.027869
0.015287
0.358741
0.000000
0.000000
0.000000
0.027210
0.015958
0.000000
0.015246
0.015780
0.358080
0.015215
0.000000
0.016704
0.015284
0.014804
0.015959
0.000000
0.014290
0.019871
0.015220
0.016030
0.016145
0.017447
0.017101
0.017529
0.018123
0.017301
0.018356
0.016300
0.017328
0.015955
0.017006
0.016029
0.017097
0.016787
0.017430
0.017083
0.018142
0.017255
0.018301
0.754298
0.017304
0.015966
0.017024
0.016041
0.016484
0.136480
0.017161
0.021776
0.016037
0.019982
0.018666
0.336181
0.126060
0.098587
0.017279
0.018257
0.018107
0.017396
0.017073
0.016982
0.017299
0.018001
0.018304
0.017414
0.063933
0.015268
0.015290
0.014402
0.060985
0.015973
0.015942
0.014745
0.045319
0.015270
0.015449
0.015948
0.000000
0.015321
0.015917
0.015254
0.000000
0.000000
0.006810
0.016006
0.000000
0.014094
0.006623
0.000000
0.006551
0.178209
0.014900
0.015701
0.006610
0.015647
0.016052
0.015940
0.016938
0.016822
0.000206
0.015336
0.015956
0.015638
0.016068
0.015790
0.017122
0.016574
0.016159
0.015491
0.015954
0.015374
0.015806
0.015386
0.015825
0.017508
0.028855
0.019705
0.358876
0.000000
0.000000
0.003650
0.003566
0.005309
0.004591
0.006455
0.005233
0.007483
0.005820
0.000000
0.000000
0.180374
0.000000
0.038021
0.000000
0.012183
0.010355
0.019957
0.234657
1.191912
0.009015
0.007146
0.004016
0.000000
0.135040
0.171024
0.246751
0.182362
0.152283
0.148091
0.147469
0.162923
0.319325
0.323130
0.005409
0.005508
0.316160
0.005130
0.327756
0.003772
0.007475
0.004792
0.007285
0.008271
0.008752
0.007093
0.002432
0.007362
0.005113
0.004398
0.229720
0.191100
0.182073
0.191352
0.190295
0.197120
0.193217
0.204772
0.269461
0.154574
0.154480
0.195375
0.007435
0.008579
0.111561
0.009077
0.011457
0.031693
0.002465
0.014542
0.016968
0.015388
0.002645
0.000000
0.015458
0.016994
0.014493
0.081668
0.014166
0.000002
0.254040
0.024118
0.011560
0.008574
0.002041
0.000000
0.004349
0.030010
0.002886
0.163347
0.014314
0.021425
0.024911
0.029530
0.027920
0.039885
0.224240
0.208606
0.005979
0.220193
0.209236
0.214526
0.216870
0.217070
0.165488
0.169582
0.086055
0.105046
0.097682
0.114634
0.048760
0.052696
0.059884
0.016878
0.011059
0.198861
0.006336
0.202302
0.208014
0.208213
0.214242
0.159795
0.165480
0.112228
0.093635
0.070598
0.009525
0.000000
0.000000
0.035908
0.171247
0.041083
0.027971
0.041562
0.029691
0.047587
0.024026
0.002330
0.147437
0.116430
0.145637
0.011818
0.012403
0.011634
0.008021
0.031195
0.072416
0.071169
0.030214
0.033352
0.002828
0.023942
0.033266
0.166758
0.139288
0.134561
0.148679
0.205911
0.152644
0.166667
0.165910
0.152755
0.138255
0.152009
0.151469
0.137811
0.172543
0.154579
0.184835
0.198352
0.149406
0.163264
0.138907
0.152662
0.152292
0.138656
0.008701
0.009818
0.008462
0.009627
0.009732
0.009916
0.009859
0.009937
0.009928
0.009917
0.009876
0.009807
0.179003
0.201712
0.143753
0.156638
0.163458
0.149614
0.200336
0.000000
0.000000
0.199170
0.156567
0.142026
0.202169
0.221998
0.204525
0.190368
0.145927
0.160129
0.013379
0.145656
0.159537
0.087069
0.090814
0.106602
0.101671
0.187300
0.179811
0.184092
0.195343
0.128733
0.127634
0.114873
0.118284
0.171140
0.153440
0.143803
0.119764
0.049981
0.178239
0.203482
0.174252
0.143171
0.120278
0.157444
0.184914
0.000000
0.210636
0.212725
0.206382
0.189787
0.159460
0.183019
0.176851
0.161858
0.200549
0.185599
0.199489
0.205380
0.181847
0.144225
0.143416
0.142765
0.154697
0.196310
0.212120
0.211974
0.199785
0.185728
0.190986
0.188699
0.178273
0.178158
0.201637
0.177395
0.209218
0.230231
0.231480
0.027312
0.078250
0.076396
0.230496
0.168471
0.186044
0.191330
0.208127
0.211777
0.174129
0.159508
0.142028
0.167435
0.175400
0.116881
0.108681
0.176541
0.202585
0.119823
0.114210
0.217534
0.212160
0.170840
0.076158
0.076378
0.161834
0.150475
0.136014
0.146096
0.173277
0.216416
0.213178
0.083122
0.033504
0.173785
0.191850
0.090950
0.078087
0.078807
0.091018
0.172602
0.062226
0.064471
0.198460
0.155602
0.144145
0.085585
0.000000
0.000000
0.111137
0.193275
0.081776
0.064399
0.065617
0.158070
0.159491
0.118914
0.000000
0.183425
0.189433
0.032671
0.029440
0.088864
0.165399
0.176851
0.152685
0.162489
0.174238
0.205607
0.196346
0.211480
0.211077
0.112379
0.125634
0.140045
0.127557
0.122864
0.105369
0.108440
0.093967
0.059969
0.056732
0.037404
0.041095
0.197697
0.170765
0.183783
0.059350
0.033448
0.184354
0.124332
0.129991
0.197913
0.204688
0.211058
0.207051
0.077708
0.071725
0.132780
0.135287
0.051769
0.130003
0.131675
0.198813
0.210749
0.015749
0.018445
0.074666
0.092378
0.097402
0.051620
0.040412
0.037265
0.183942
0.238956
0.193873
0.179736
0.144780
0.050277
0.050841
0.037991
0.038814
0.081146
0.011554
0.104746
0.112988
0.105448
0.000000
0.119789
0.081871
0.205242
0.192228
0.208087
0.205966
0.064232
0.065979
0.213458
0.211556
0.222662
0.229611
0.110005
0.111424
0.094709
0.060882
0.205646
0.139719
0.035666
0.143359
0.177597
0.044105
0.054692
0.092249
0.159955
0.199159
0.181501
0.170484
0.018455
0.157388
0.167434
0.202447
0.200254
0.152208
0.015983
0.013398
0.169446
0.212162
0.010816
0.000000
0.160650
0.161040
0.009305
0.017001
0.164766
0.206075
0.014883
0.152546
0.163424
0.159384
0.163720
0.160126
0.152027
0.021969
0.232803
0.159973
0.163351
0.160199
0.063932
0.209115
0.170487
0.014193
0.158557
0.184361
0.207652
0.172550
0.146131
0.017623
0.170135
0.173538
0.199382
0.163416
0.093289
0.043114
0.180080
0.159258
0.033520
0.137217
0.197277
0.060655
0.095391
0.110394
0.109355
0.214501
0.210814
0.063813
0.202694
0.209536
0.205265
0.118644
0.046971
0.106956
0.113312
0.105012
0.077712
0.037511
0.052802
0.146143
0.174967
0.178732
0.037627
0.052038
0.097520
0.091657
0.074540
0.017787
0.016116
0.208724
0.197061
0.131789
0.127969
0.051565
0.150273
0.131574
0.072395
0.077914
0.206919
0.211117
0.134071
0.113721
0.189189
0.032877
0.037903
0.193329
0.169621
0.197784
0.043684
0.040803
0.056693
0.060245
0.105480
0.121217
0.133923
0.152926
0.120265
0.115378
0.209373
0.212336
0.200358
0.202878
0.164635
0.156369
0.176748
0.162890
0.158691
0.029431
0.032553
0.183093
0.000000
0.117268
0.164837
0.153162
0.065197
0.064221
0.082544
0.193037
0.109218
0.000000
0.000000
0.090271
0.136312
0.153490
0.197058
0.062978
0.178538
0.091698
0.079570
0.078202
0.090817
0.196794
0.173496
0.032440
0.079992
0.190034
0.172632
0.145770
0.136837
0.136836
0.156110
0.075772
0.168773
0.121964
0.175198
0.161041
0.110404
0.177401
0.167676
0.150817
0.176927
0.170198
0.208938
0.211707
0.178694
0.189882
0.171806
0.077717
0.075575
0.039577
0.214974
0.176132
0.201542
0.184382
0.201816
0.186352
0.191297
0.184508
0.200548
0.211811
0.212580
0.199270
0.151181
0.148380
0.144485
0.133516
0.145720
0.186657
0.195620
0.159867
0.177708
0.184951
0.157630
0.163963
0.206909
0.210687
0.208602
0.000000
0.167957
0.138922
0.131483
0.147119
0.173562
0.206249
0.177749
0.054691
0.134710
0.130555
0.161451
0.157898
0.116242
0.118114
0.128805
0.122390
0.198324
0.188624
0.181190
0.186045
0.101650
0.087487
0.159325
0.145324
0.017498
0.160205
0.146182
0.196048
0.207016
0.142070
0.156943
0.206086
0.000000
0.000000
0.200838
0.149565
0.163438
0.156299
0.142256
0.166223
0.009839
0.009889
0.009926
0.009931
0.009911
0.009820
0.010049
0.009716
0.008505
0.026606
0.152541
0.139646
0.163473
0.149550
0.203179
0.189199
0.160095
0.193623
0.137715
0.151465
0.152742
0.166341
0.165816
0.152657
0.171433
0.194731
0.143178
0.138755
0.169382
0.032256
0.024024
0.002137
0.032684
0.030520
0.072474
0.071813
0.030947
0.009999
0.011609
0.012097
0.011781
0.141144
0.002460
0.024157
0.047493
0.029696
0.039440
0.027998
0.044294
0.158536
0.035848
0.000000
0.000000
0.015221
0.068655
0.118166
0.106835
0.165425
0.159694
0.214205
0.208214
0.207990
0.202296
0.002928
0.198831
0.056898
0.047648
0.049206
0.126783
0.097159
0.094366
0.086493
0.159256
0.165477
0.216785
0.216868
0.213848
0.209246
0.220994
0.004281
0.031580
0.029915
0.029656
0.026993
0.021245
0.014582
0.017274
0.002870
0.029768
0.000000
0.000000
0.001497
0.008658
0.011749
0.024121
0.032556
0.036235
0.014444
0.073287
0.014500
0.016993
0.015429
0.000000
0.002150
0.015388
0.016967
0.014510
0.002505
0.027677
0.011431
0.010057
0.049252
0.008598
0.007551
0.107668
0.189883
0.159367
0.235699
0.204555
0.193775
0.195017
0.185003
0.189244
0.180011
0.002419
0.006852
0.007259
0.004835
0.007215
0.009238
0.001334
0.009494
0.003554
0.009858
0.002128
0.343821
0.006993
0.316159
0.005555
0.005425
0.323160
0.319348
0.157543
0.148996
0.158762
0.172875
0.004027
0.007128
0.000000
0.010350
0.012369
0.000000
0.039872
0.000000
0.000000
0.005818
0.007483
0.005231
0.006455
0.004587
0.005309
0.003555
0.003651
0.019835
0.011989
0.238630
0.009039
0.020965
0.031764
0.082250
0.096938
0.745464
0.767844
0.135976
0.103796
0.837672
0.023907
0.010587
0.011337
0.238283
0.011541
0.010653
0.011393
0.011382
0.011274
0.011204
0.011184
0.011217
0.011308
0.011401
0.011230
0.007504
0.016234
0.198636
0.008965
0.006654
0.009026
0.011727
0.012700
0.013252
0.012731
0.013405
0.012957
0.012080
0.008736
0.008861
0.008483
0.008226
0.006966
0.007213
0.010133
0.010233
0.010280
0.010282
0.010247
0.010156
0.010104
0.009878
0.010099
0.009994
0.008336
0.010150
0.010279
0.010290
0.010264
0.010199
0.010146
0.020818
0.154554
0.020802
0.020229
0.022125
0.021778
0.022398
0.030719
0.031139
0.030986
0.029230
0.028548
0.022594
0.024050
0.022688
0.023461
0.024409
0.022852
0.023284
0.023272
0.022758
0.022097
0.008706
0.005827
0.005169
0.010845
0.000000
0.044004
0.016538
0.169045
0.302694
0.008951
