3240
1.484779
1.457657
1.419300
1.531099
1.364871
1.382716
0.000000
1.527893
1.227559
1.230588
1.132889
1.136304
1.095202
1.326309
1.327000
1.058637
1.064020
0.094367
0.104356
0.104473
0.093525
0.093429
0.095614
0.095603
0.104826
0.104888
0.105905
0.106121
0.095302
0.095635
1.136719
0.091528
0.091606
0.104739
0.104776
0.125508
0.125698
0.125767
0.125841
0.126280
0.126722
0.102848
0.103732
0.093750
0.093640
0.091611
0.125840
0.125707
0.090144
0.090248
0.140053
0.140035
0.102529
0.102520
0.140057
0.140055
0.124967
0.125281
0.090611
0.090857
0.140030
0.139991
0.089161
0.088137
0.088022
0.140056
0.140036
0.124754
0.124520
0.097299
0.097895
0.125243
0.125367
0.089498
0.089310
0.125465
0.125538
0.140003
0.139978
0.124800
0.124960
0.097855
0.097841
0.125410
0.125451
0.140000
0.140021
0.118170
0.119169
0.102831
0.102855
0.083653
0.103583
0.104250
0.120979
0.121354
0.081156
0.081211
0.102793
0.102977
0.121799
0.122245
0.104065
0.104076
0.124244
0.124448
0.080141
0.080220
0.084420
0.092005
0.092029
0.139957
0.140030
0.082963
0.083101
0.094509
0.094585
0.093517
0.093646
0.096334
0.096393
0.139978
0.139956
0.083459
0.083232
0.090313
0.090323
0.085883
0.086068
0.094962
0.094994
0.092688
0.092094
0.090629
0.101998
0.102020
0.091098
0.091159
0.092818
0.111646
0.111758
0.091214
0.091187
0.091897
0.092562
0.092596
0.087051
0.087302
0.122058
0.121460
0.093316
0.108726
0.109183
0.093113
0.093226
0.115609
0.116364
0.084686
0.084608
0.085275
0.085462
0.085401
0.091180
0.091094
0.097546
0.097509
0.092018
0.139989
0.140036
0.139906
0.139932
0.075757
0.076148
0.076179
0.089022
0.089209
0.073773
0.073727
0.078830
0.077103
0.077258
0.116234
0.115374
0.087860
0.087997
0.071994
0.071967
0.075688
0.075712
0.103432
0.103444
0.089092
0.076667
0.076424
0.077080
0.091084
0.091064
0.075605
0.075594
0.083082
0.082940
0.076315
0.076286
0.109143
0.108283
0.083184
0.083427
0.099876
0.099847
0.083272
0.083102
0.070349
0.070352
0.084697
0.139859
0.139892
0.071083
0.071099
0.140034
0.140033
0.108117
0.109066
0.072797
0.082940
0.083041
0.096519
0.096386
0.076623
0.076886
0.073557
0.077743
0.077561
0.071823
0.071658
0.079478
0.071560
0.071038
0.071023
0.070522
0.070297
0.069466
0.069456
0.074708
0.074905
0.067407
0.067412
0.067484
0.067496
0.100285
0.101291
0.070642
0.070610
0.139879
0.139836
0.069136
0.069147
0.071001
0.101286
0.100187
0.095316
0.095348
0.074669
0.074854
0.070564
0.070797
0.140064
0.140036
0.072428
0.072253
0.074384
0.093440
0.093298
0.068825
0.068834
0.065861
0.065883
0.070178
0.068223
0.068330
0.066503
0.066635
0.067766
0.067787
0.069658
0.069801
0.069823
0.094615
0.093833
0.139874
0.139926
0.093185
0.093927
0.069176
0.068992
0.066196
0.066348
0.068399
0.068273
0.070170
0.070483
0.068176
0.068159
0.066301
0.066283
0.069216
0.069179
0.093464
0.093534
0.140042
0.140054
0.092576
0.092475
0.068300
0.068311
0.065511
0.065529
0.067448
0.067465
0.069495
0.068832
0.066737
0.066692
0.064683
0.064622
0.067296
0.067173
0.091240
0.091387
0.139996
0.140045
0.094187
0.093859
0.069704
0.069708
0.066705
0.066737
0.068531
0.068552
0.070513
0.069911
0.067889
0.067879
0.065974
0.065962
0.068803
0.068788
0.093046
0.092996
0.140050
0.140053
0.092690
0.092749
0.070307
0.068930
0.067828
0.068517
0.068524
1.214592
0.067835
0.065051
0.065731
0.065720
1.221704
0.067649
0.067656
0.069685
0.073307
0.065749
1.243752
1.243739
1.203536
1.168086
1.167767
0.013940
0.009015
1.221864
1.221751
0.100367
0.227849
1.202769
1.203528
1.203569
1.181642
0.479793
0.415176
1.202985
1.202821
0.675375
0.606907
1.181575
1.181613
0.682261
0.681416
0.668806
0.673937
0.667273
1.245165
1.245153
1.170756
1.232000
1.232035
1.116952
1.223122
1.223007
1.204598
1.204637
1.170684
1.170718
1.116752
1.116675
1.204110
1.203945
1.169579
1.182391
1.182432
1.019660
1.169503
1.169531
0.069897
1.171429
1.171464
1.019420
1.019388
0.067869
0.067872
0.065960
0.065965
0.068813
0.068818
1.116565
1.116487
0.093097
0.093067
0.140057
0.140057
0.093138
0.093165
0.068881
0.068877
0.066023
0.066019
0.067930
0.067928
0.069958
1.175035
1.246796
1.246783
1.233474
1.233506
1.224578
1.224466
1.174958
1.174981
1.205858
1.205896
1.170208
1.170236
0.974534
1.205408
1.205245
1.019052
1.019019
0.974371
0.974344
1.183383
1.183421
1.184589
1.184541
1.184558
1.175641
1.175664
1.172340
1.172373
1.116464
1.116390
0.959080
0.974175
0.974148
0.958975
0.958954
1.194715
1.171072
1.171100
1.185304
1.185322
1.194706
1.194718
1.018755
1.018720
1.248070
1.248058
1.234635
1.234661
0.960829
1.225719
1.225610
0.050554
0.049090
0.048026
1.206858
1.206894
0.958936
0.958915
0.051060
0.048535
1.176478
1.176501
0.960712
0.960714
0.063845
0.056176
1.206424
1.206263
1.173927
1.184181
1.184215
1.195596
1.195608
0.104973
0.083418
0.974029
0.974002
1.147199
1.147050
0.991636
0.253947
0.136161
0.531321
0.422680
1.173077
1.173107
0.991467
0.991447
1.116446
1.116377
1.186225
1.186242
0.960684
0.960683
0.657948
0.652102
1.166365
0.650276
0.654371
0.648986
0.648709
1.189296
1.129562
0.653278
1.136131
1.202211
1.202218
1.166881
1.166458
1.171742
1.171768
0.958946
0.958926
1.036788
1.162136
1.129874
1.161412
1.129647
1.187754
1.136202
1.136599
1.018595
1.018562
0.991228
0.991209
1.196646
1.196658
1.036710
1.036592
1.187705
1.187837
1.133684
0.875589
1.177159
1.177179
1.133366
1.133415
0.974486
1.167908
1.167488
0.960701
0.960702
0.875385
0.875259
1.203465
1.130883
1.131109
1.203530
1.137359
1.137755
0.974275
0.974273
1.248741
1.248741
0.023848
0.973956
0.973930
1.235265
1.235265
1.226228
1.226228
1.036459
1.036344
1.188322
1.188456
0.745175
0.023867
0.023854
1.203433
1.203440
1.207411
1.207411
0.027402
1.186964
1.186981
0.094714
1.132896
1.132937
0.025061
0.745220
0.745140
1.206810
1.206810
0.799645
0.028276
0.027402
0.027427
0.991033
0.991013
0.023396
1.184638
1.184637
0.874864
0.874742
0.095499
0.095177
0.025061
0.025063
0.973865
0.973866
0.799587
0.799562
0.028299
0.028287
0.023396
0.023397
0.958982
0.958962
0.023893
0.023878
1.169072
1.168655
1.173501
1.173502
1.116438
1.116438
1.204684
1.132299
1.132526
1.204748
1.197480
1.197492
0.745256
0.745192
1.138690
1.139083
0.027426
0.027456
0.096091
0.095701
1.036255
1.036140
1.189068
1.189200
0.025081
0.025084
0.799427
0.799451
0.028357
0.028346
0.023419
0.023421
1.172129
1.172129
0.960742
0.960743
1.142446
1.132484
1.132520
1.018541
1.018541
0.874410
0.874287
0.782839
1.143212
1.142421
0.973494
0.973496
1.013717
1.204392
1.204398
0.782811
0.782796
1.177552
1.177552
0.023916
0.023903
1.013524
1.013495
0.990925
0.990904
0.745279
0.745228
0.027454
0.027478
0.973938
0.973938
0.096587
0.096277
1.144052
1.143123
0.025105
0.025107
0.799332
0.799306
0.028423
0.028411
0.023447
0.023449
1.169972
1.169557
1.187384
1.187384
0.782743
0.782728
1.205638
1.133403
1.133628
1.205701
1.139727
1.140118
1.013135
1.013099
0.821152
1.036094
1.036025
1.189671
1.189801
0.959013
0.959013
0.821090
0.821084
1.248058
1.248070
1.234662
1.234635
1.132223
1.132262
1.225610
1.225719
1.206893
1.206858
1.197941
1.197941
0.874067
0.874002
0.973242
0.973248
1.206263
1.206424
1.144689
1.143961
1.184215
1.184181
0.023929
0.023922
0.820966
0.820958
0.782500
0.782684
0.782669
0.960793
0.960793
0.745289
0.745261
1.012764
1.012737
0.027477
0.027489
0.782486
0.782476
1.173107
1.173077
0.096867
0.096709
1.116377
1.116446
0.025124
0.025127
0.799244
0.799231
0.028473
0.028460
1.204909
1.204909
0.023470
0.023471
0.990891
0.990891
0.797571
1.171768
1.171742
0.782440
0.782449
0.797540
0.797540
1.018563
1.018595
1.170029
1.170029
0.820847
0.820841
1.206150
1.133988
1.133988
1.206150
1.140279
1.140279
1.177179
1.177159
1.145011
1.144624
1.036008
1.036008
1.190016
1.190016
0.797482
0.797482
0.782641
0.782632
0.973930
0.973956
1.132158
1.132157
1.012515
1.012501
0.873927
0.873927
0.973156
0.973156
1.186981
1.186964
0.782408
0.782418
0.023931
0.023931
0.745285
0.745285
0.958962
0.958982
0.027489
0.027489
0.096908
0.096909
0.025135
0.025135
0.799209
0.799209
0.028483
0.028483
0.023482
0.023482
0.797428
0.797428
1.197492
1.197480
0.820768
0.820765
0.796708
0.796689
0.796689
0.960743
0.960742
0.789553
0.789540
0.789546
1.204398
1.204392
1.246783
1.246796
0.782389
0.782394
1.144989
1.144989
1.233474
1.233506
0.990904
0.990925
0.796653
0.796653
1.224466
1.224578
1.205896
1.205858
0.782622
0.782622
1.012425
1.012425
0.789521
0.789527
1.205245
1.205408
1.169557
1.169971
1.183421
1.183383
1.133628
1.133403
1.205701
1.205638
0.797392
0.797393
1.140118
1.139727
1.036025
1.036094
1.189801
1.189671
1.172373
1.172340
1.116390
1.116464
1.132262
1.132223
0.796620
0.796620
0.874002
0.874067
0.820740
0.820740
0.973249
0.973243
1.171100
1.171072
0.789510
0.789504
1.018756
1.018720
0.023922
0.023929
0.745262
0.745289
0.027489
0.027477
1.176478
1.176501
0.096709
0.096867
0.802054
0.025127
0.025124
0.799244
0.799231
0.028473
0.028460
0.023471
0.023469
0.802038
0.802038
0.782384
0.782384
0.974029
0.974002
1.186225
1.186242
0.796599
0.796599
0.802008
0.802008
0.797380
0.797380
0.958926
0.958946
1.144624
1.145011
0.789494
0.789497
1.196658
1.196646
0.782632
0.782641
1.012501
1.012515
0.960702
0.960701
0.801982
0.801982
1.203440
1.203433
0.991013
0.991033
0.820765
0.820768
0.800940
1.168655
1.169072
1.132526
1.132299
1.204684
1.204748
0.800936
0.800932
1.139083
1.138690
0.796592
0.796592
1.036140
1.036256
1.189200
1.189068
0.782389
0.782394
0.789491
0.789491
1.132520
1.132483
0.810325
0.874288
0.874410
0.800926
0.800921
0.801964
0.801964
0.973494
0.973496
0.810311
0.810311
0.023903
0.023915
0.797393
0.797392
0.745228
0.745279
0.027478
0.027454
0.096277
0.096587
0.025107
0.025105
0.799307
0.799332
0.028423
0.028411
0.810284
0.810285
0.023449
0.023447
1.245152
1.245165
1.232035
1.232000
1.223007
1.223122
1.204637
1.204598
0.800912
0.800915
1.203945
1.204110
1.182432
1.182390
1.171463
1.171429
1.116487
1.116565
1.143961
1.144689
0.810260
0.810260
0.782669
0.782684
1.012737
1.012764
1.170237
1.170208
0.801959
0.801959
1.019019
1.019052
0.796599
0.796599
1.175664
1.175641
0.800908
0.800906
0.789497
0.789494
0.974148
0.974175
0.820842
0.820847
1.185322
1.185304
0.810243
0.810244
0.958915
0.958936
0.782408
0.782418
0.822533
1.195608
1.195596
0.822514
0.822514
0.960683
0.960685
0.797428
0.797428
1.202218
1.202211
0.822477
0.822478
0.800905
0.800905
0.991228
0.991209
0.801964
0.801964
1.167908
1.167487
1.130883
1.203530
1.131110
1.203465
0.810238
0.810238
1.137755
1.137359
1.036460
1.036345
1.188455
1.188322
0.822442
0.822443
1.132936
1.132896
0.874864
0.874742
0.973866
0.973865
0.023878
0.023893
0.796620
0.796620
0.745192
0.745256
0.027456
0.027426
0.095701
0.096091
0.025084
0.025081
0.799451
0.799427
0.028346
0.028357
0.789510
0.789504
0.023421
0.023419
0.822420
0.822420
0.800906
0.800908
1.143123
1.144052
0.782743
0.782728
1.013135
1.013099
0.810244
0.810243
0.842789
0.820379
0.842757
0.842759
0.820958
0.820966
0.820376
0.820373
0.801982
0.801982
0.822412
0.822412
0.842697
0.842699
0.820368
0.820364
0.782449
0.782440
0.129162
0.188209
0.129111
0.129063
0.188210
0.188360
0.797482
0.797482
0.842641
0.842643
0.820359
0.820356
0.128981
0.128923
0.188392
0.188542
1.243739
1.243752
1.230768
1.230737
1.221751
1.221864
0.800912
0.800915
0.085404
1.203568
1.203528
0.085348
0.085345
1.202821
1.202985
0.128849
0.128801
0.188614
0.188763
1.181613
1.181575
0.842604
0.842605
0.820353
0.820352
0.822420
0.822420
0.810260
0.810260
1.170718
1.170684
1.116675
1.116752
0.796653
0.796653
1.054007
0.085238
0.085234
1.053916
1.053933
0.789527
0.789521
1.169531
1.169503
1.019387
1.019420
1.053749
1.053769
1.174981
1.174959
0.128751
0.128723
0.188794
0.188901
0.085130
0.085127
0.974344
0.974371
1.184541
1.184558
0.888499
0.842591
0.842591
0.888440
0.888435
0.820350
0.820350
0.958955
0.958975
1.053589
1.053605
0.105619
1.194718
1.194706
0.105557
0.105556
0.888321
0.888317
0.960714
0.960713
0.085056
0.085054
0.802008
0.802008
0.105436
0.105436
1.201163
1.201157
0.128706
0.128706
0.188896
0.188896
0.991467
0.991447
1.053480
1.053488
0.888208
0.888214
1.166881
1.166458
1.129647
1.202475
1.129875
1.202411
1.136599
1.136202
0.105319
0.105318
0.822442
0.822443
1.036711
1.036593
1.187837
1.187705
1.133414
1.133366
0.875385
0.875259
0.974273
0.974274
0.023854
0.023867
0.842605
0.842604
0.085030
0.085030
0.820352
0.820353
0.745141
0.745220
0.027427
0.027402
0.095176
0.095499
0.025063
0.025061
0.799587
0.799562
0.028299
0.028287
0.023397
0.023396
0.888141
0.888137
0.800926
0.800921
0.105239
0.105239
0.141088
1.053444
1.053444
0.141021
0.141020
0.810285
0.810284
1.142420
1.143212
0.128723
0.128751
0.188901
0.188794
0.782796
0.782811
1.013524
1.013494
0.140888
0.140887
0.939167
0.888114
0.888114
0.821084
0.821090
0.939740
0.939210
0.140759
0.140759
0.987171
0.105213
0.105213
0.085054
0.085056
0.987160
0.987154
0.940326
0.939772
0.782486
0.782476
0.987133
0.987125
1.053488
1.053480
0.842641
0.842643
0.797540
0.797540
0.820356
0.820359
0.182158
0.140670
0.140670
0.940899
0.940412
0.182269
0.182206
0.987104
0.987098
0.182577
0.182514
0.822478
0.822477
0.136976
0.128801
0.128849
0.188614
0.188763
0.888137
0.888141
0.137024
0.137014
0.105239
0.105239
0.941166
0.940907
0.182932
0.182870
0.796689
0.796689
0.137260
0.137228
0.987084
0.987080
0.789546
0.789540
0.140640
0.140640
0.085127
0.085130
0.137497
0.137486
0.183211
0.183148
1.053605
1.053589
0.941168
0.941168
0.987075
0.987075
0.137672
0.137698
0.802038
0.802038
0.140670
0.140670
0.888214
0.888208
0.183290
0.183290
0.105318
0.105319
0.842699
0.842697
0.820368
0.820364
0.137757
0.137757
0.940907
0.941166
0.987080
0.987084
0.800936
0.800932
0.128923
0.128981
0.188542
0.188392
0.810311
0.810311
0.183211
0.183148
0.085234
0.085238
0.140759
0.140759
0.137698
0.137672
1.053769
1.053749
0.940412
0.940899
0.987098
0.987104
0.888317
0.888321
0.105436
0.105436
0.822514
0.822514
0.182932
0.182870
0.137497
0.137485
0.140888
0.140887
0.842759
0.842757
0.939772
0.940326
0.820376
0.820373
0.987125
0.987133
0.129063
0.129111
0.188360
0.188210
0.182577
0.182514
0.085345
0.085348
0.137260
0.137228
1.053933
1.053916
0.888435
0.888440
0.105556
0.105557
0.141020
0.141020
0.939210
0.939740
0.987154
0.987160
0.182269
0.182206
0.137024
0.137014
0.960829
1.184589
1.194715
1.202769
1.221704
0.028276
0.939167
1.136130
0.821152
0.136976
0.789553
0.782839
0.799645
0.974534
1.019660
1.116952
1.230701
1.203536
1.181642
1.169579
1.175035
1.142446
1.187755
0.025061
0.026043
0.023396
0.095055
0.797571
0.182158
0.141088
0.810325
1.036789
1.166365
0.023847
0.796708
0.105619
1.054007
0.822533
0.085404
0.987171
0.820379
0.188209
0.980453
0.820379
0.800940
0.800940
0.789553
0.782500
0.782500
0.782839
0.799645
0.875588
0.875588
1.036789
1.136130
1.129562
1.129562
1.166365
0.991636
0.991636
0.960829
0.959080
0.959080
0.974534
1.019660
1.116952
1.202769
1.221704
1.243663
1.243663
1.230701
1.203536
1.181642
1.170757
1.170757
1.169579
1.175035
1.184589
1.194715
1.201116
1.201116
1.202362
0.027402
1.142446
0.027402
1.202362
0.025061
1.187755
1.013717
1.013716
0.023396
0.026043
0.821152
0.024179
0.028276
0.024179
0.095055
0.023847
0.745176
0.745176
0.797571
0.796708
0.802054
0.802054
0.810325
0.822533
0.842789
0.842789
0.888499
0.888499
0.939167
0.136976
0.182158
0.141088
0.105619
0.085404
0.129162
0.129162
0.188209
1.054007
0.987171
0.980453
0.137014
0.137024
0.182206
0.182269
0.987160
0.987154
0.939740
0.939210
0.141020
0.141020
0.105557
0.105556
0.888440
0.888435
1.053916
1.053933
0.137228
0.137260
0.085348
0.085345
0.182514
0.182577
0.188210
0.188360
0.129111
0.129063
0.987133
0.987125
0.820373
0.820376
0.940326
0.939772
0.842757
0.842759
0.140887
0.140888
0.137486
0.137497
0.182870
0.182932
0.822514
0.822514
0.105436
0.105436
0.888321
0.888317
0.987104
0.987098
0.940899
0.940412
1.053749
1.053769
0.137672
0.137698
0.140759
0.140759
0.085238
0.085234
0.183148
0.183211
0.810311
0.810311
0.188392
0.188542
0.128981
0.128923
0.800932
0.800936
0.987084
0.987080
0.940907
0.941166
0.137757
0.137757
0.820364
0.820368
0.842697
0.842699
0.105319
0.105318
0.183290
0.183290
0.888208
0.888214
0.140670
0.140670
0.802038
0.802038
0.137698
0.137672
0.987075
0.987075
0.941168
0.941168
1.053589
1.053605
0.183148
0.183211
0.137486
0.137497
0.085130
0.085127
0.140640
0.140640
0.789540
0.789546
0.987080
0.987084
0.137228
0.137260
0.796689
0.796689
0.182870
0.182932
0.941166
0.940907
0.105239
0.105239
0.137014
0.137024
0.888141
0.888137
0.188763
0.188614
0.128849
0.128801
0.136976
0.822477
0.822478
0.182514
0.182577
0.987098
0.987104
0.182206
0.182269
0.940899
0.940412
0.140670
0.140670
0.182158
0.820359
0.820356
0.797540
0.797540
0.842643
0.842641
1.053480
1.053488
0.987125
0.987133
0.782476
0.782486
0.940326
0.939772
0.987154
0.987160
0.085056
0.085054
0.105213
0.105213
0.987171
0.140759
0.140759
0.939740
0.939210
0.821090
0.821084
0.888114
0.888114
0.939167
0.140887
0.140888
1.013494
1.013524
0.782811
0.782796
0.188794
0.188901
0.128751
0.128723
1.143212
1.142420
0.810284
0.810285
0.141020
0.141021
1.053444
1.053444
0.141089
0.105239
0.105239
0.800921
0.800926
0.888137
0.888141
0.023396
0.023397
0.028287
0.028299
0.799562
0.799587
0.025061
0.025063
0.095499
0.095176
0.027402
0.027427
0.745220
0.745141
0.820353
0.820352
0.085030
0.085030
0.842604
0.842605
0.023867
0.023854
0.974274
0.974273
0.875259
0.875385
1.133366
1.133414
1.187705
1.187837
1.036593
1.036711
0.822443
0.822442
0.105318
0.105319
1.136202
1.136599
1.129647
1.202411
1.129875
1.202475
1.166458
1.166881
0.888214
0.888208
1.053488
1.053480
0.991447
0.991467
0.188896
0.188896
0.128706
0.128706
1.201157
1.201163
0.105436
0.105436
0.802008
0.802008
0.085054
0.085056
0.960713
0.960714
0.888317
0.888321
0.105556
0.105557
1.194706
1.194718
0.105619
1.053605
1.053589
0.958975
0.958955
0.820350
0.820350
0.888435
0.888440
0.842591
0.842591
0.888499
1.184558
1.184541
0.974371
0.974344
0.085127
0.085130
0.188901
0.188794
0.128723
0.128751
1.174959
1.174981
1.053769
1.053749
1.019420
1.019387
1.169503
1.169531
0.789521
0.789527
1.053933
1.053916
0.085234
0.085238
1.054007
0.796653
0.796653
1.116752
1.116675
1.170684
1.170718
0.810260
0.810260
0.822420
0.822420
0.820352
0.820353
0.842605
0.842604
1.181575
1.181613
0.188763
0.188614
0.128801
0.128849
1.202985
1.202821
0.085345
0.085348
1.203528
1.203568
0.085404
0.800915
0.800912
1.221864
1.221751
1.230737
1.230768
1.243752
1.243739
0.188542
0.188392
0.128923
0.128981
0.820356
0.820359
0.842643
0.842641
0.797482
0.797482
0.188360
0.188210
0.129063
0.129111
0.188209
0.129162
0.782440
0.782449
0.820364
0.820368
0.842699
0.842697
0.822412
0.822412
0.801982
0.801982
0.820373
0.820376
0.820966
0.820958
0.842759
0.842757
0.820379
0.842789
0.810243
0.810244
1.013099
1.013135
0.782728
0.782743
1.144052
1.143123
0.800908
0.800906
0.822420
0.822420
0.023419
0.023421
0.789504
0.789510
0.028357
0.028346
0.799427
0.799451
0.025081
0.025084
0.096091
0.095701
0.027426
0.027456
0.745256
0.745192
0.796620
0.796620
0.023893
0.023878
0.973865
0.973867
0.874742
0.874864
1.132896
1.132936
0.822443
0.822442
1.188322
1.188455
1.036345
1.036460
1.137360
1.137755
0.810238
0.810238
1.130883
1.203465
1.131110
1.203530
1.167488
1.167908
0.801964
0.801964
0.991209
0.991228
0.800905
0.800905
0.822478
0.822477
1.202211
1.202218
0.797428
0.797428
0.960685
0.960683
0.822514
0.822514
1.195596
1.195608
0.822533
0.782418
0.782408
0.958935
0.958915
0.810244
0.810243
1.185304
1.185322
0.820847
0.820842
0.974175
0.974148
0.789494
0.789497
0.800906
0.800908
1.175641
1.175664
0.796599
0.796599
1.019052
1.019019
0.801959
0.801959
1.170208
1.170237
1.012764
1.012737
0.782684
0.782669
0.810260
0.810260
1.144689
1.143961
1.116565
1.116487
1.171429
1.171463
1.182390
1.182432
1.204110
1.203945
0.800915
0.800912
1.204598
1.204637
1.223122
1.223007
1.232000
1.232035
1.245165
1.245153
0.023447
0.023449
0.810285
0.810284
0.028411
0.028423
0.799332
0.799307
0.025105
0.025107
0.096587
0.096277
0.027454
0.027478
0.745279
0.745229
0.797392
0.797393
0.023915
0.023903
0.810311
0.810311
0.973496
0.973494
0.801964
0.801964
0.800921
0.800926
0.874410
0.874288
0.810325
1.132484
1.132520
0.789491
0.789491
0.782394
0.782389
1.189068
1.189200
1.036255
1.036140
0.796592
0.796592
1.138690
1.139083
0.800932
0.800936
1.132526
1.132299
1.204748
1.204684
1.169072
1.168655
0.800940
0.820768
0.820765
0.991033
0.991013
1.203433
1.203440
0.801982
0.801982
0.960701
0.960702
1.012515
1.012501
0.782641
0.782632
1.196646
1.196658
0.789497
0.789494
1.145011
1.144624
0.958946
0.958926
0.797380
0.797380
0.802008
0.802008
0.796599
0.796599
1.186242
1.186225
0.974002
0.974029
0.782384
0.782384
0.802038
0.802038
0.023470
0.023471
0.028460
0.028473
0.799231
0.799244
0.025124
0.025127
0.802054
0.096867
0.096708
1.176501
1.176478
0.027477
0.027489
0.745289
0.745262
0.023929
0.023922
1.018720
1.018756
0.789504
0.789510
1.171072
1.171100
0.973243
0.973249
0.820740
0.820740
0.874067
0.874002
0.796620
0.796620
1.132223
1.132262
1.116464
1.116390
1.172340
1.172373
1.189671
1.189801
1.036094
1.036025
1.139727
1.140118
0.797393
0.797392
1.133402
1.133628
1.205638
1.205701
1.183383
1.183421
1.169971
1.169557
1.205408
1.205245
0.789527
0.789521
1.012425
1.012425
0.782622
0.782622
1.205858
1.205896
1.224578
1.224466
0.796653
0.796653
0.990925
0.990904
1.233506
1.233474
1.144989
1.144989
0.782394
0.782389
1.246783
1.246796
1.204392
1.204398
0.789546
0.789540
0.789553
0.960742
0.960743
0.796689
0.796689
0.796708
0.820765
0.820768
1.197480
1.197492
0.797428
0.797428
0.023482
0.023482
0.028483
0.028484
0.799209
0.799209
0.025135
0.025135
0.096909
0.096909
0.027489
0.027489
0.958982
0.958962
0.745285
0.745285
0.023931
0.023931
0.782418
0.782408
1.186964
1.186981
0.973157
0.973156
0.873928
0.873927
1.012501
1.012515
1.132157
1.132158
0.973956
0.973930
0.782632
0.782641
0.797482
0.797482
1.190016
1.190016
1.036007
1.036008
1.144625
1.145011
1.177159
1.177179
1.140279
1.140279
1.133988
1.133988
1.206150
1.206150
0.820841
0.820847
1.170029
1.170029
1.018595
1.018563
0.797540
0.797540
0.782449
0.782440
1.171742
1.171768
0.797571
0.990891
0.990891
0.023471
0.023469
1.204909
1.204909
0.028460
0.028473
0.799231
0.799244
0.025127
0.025124
1.116446
1.116377
0.096709
0.096868
1.173077
1.173107
0.782476
0.782486
0.027489
0.027477
1.012737
1.012764
0.745262
0.745289
0.960793
0.960793
0.782669
0.782684
0.782500
0.820958
0.820966
0.023922
0.023929
1.184181
1.184215
1.143961
1.144689
1.206424
1.206263
0.973248
0.973242
0.874002
0.874068
1.197941
1.197941
1.206858
1.206894
1.225719
1.225610
1.132261
1.132222
1.234635
1.234662
1.248070
1.248058
0.821084
0.821090
0.959013
0.959013
1.189801
1.189671
1.036024
1.036093
0.821152
1.013099
1.013136
1.140118
1.139727
1.133628
1.133402
1.205701
1.205638
0.782728
0.782743
1.187384
1.187384
1.169557
1.169971
0.023449
0.023447
0.028411
0.028423
0.799307
0.799332
0.025107
0.025105
1.143123
1.144052
0.096277
0.096587
0.973938
0.973938
0.027478
0.027454
0.745229
0.745279
0.990904
0.990925
1.013494
1.013524
0.023903
0.023915
1.177552
1.177552
0.782796
0.782811
1.204398
1.204392
1.013717
0.973496
0.973494
1.142420
1.143212
0.782839
0.874288
0.874410
1.018542
1.018542
1.132520
1.132483
1.142446
0.960743
0.960742
1.172129
1.172129
0.023421
0.023419
0.028346
0.028357
0.799451
0.799427
0.025084
0.025081
1.189200
1.189068
1.036139
1.036254
0.095701
0.096091
0.027456
0.027426
1.139083
1.138690
0.745192
0.745256
1.197492
1.197480
1.132299
1.132525
1.204748
1.204684
1.116438
1.116438
1.173502
1.173501
1.168655
1.169072
0.023878
0.023893
0.958962
0.958982
0.023398
0.023396
0.028287
0.028299
0.799562
0.799587
0.973866
0.973865
0.025063
0.025061
0.095177
0.095499
0.874742
0.874864
1.184638
1.184638
0.023396
0.991013
0.991033
0.027427
0.027402
0.028276
0.799645
1.206810
1.206810
0.745141
0.745220
0.025061
1.132937
1.132896
0.095055
1.186981
1.186964
0.027402
1.207411
1.207411
1.203440
1.203433
0.023854
0.023867
0.745175
1.188455
1.188322
1.036344
1.036459
1.226228
1.226228
1.235266
1.235265
0.973930
0.973957
0.023847
1.248741
1.248741
0.974274
0.974275
1.137755
1.137360
1.131109
1.130883
1.203530
1.203465
0.875259
0.875385
0.960702
0.960701
1.167488
1.167908
0.974486
1.133414
1.133366
1.177179
1.177159
0.875589
1.133684
1.187837
1.187705
1.036592
1.036710
1.196658
1.196646
0.991209
0.991228
1.018562
1.018595
1.136599
1.136202
1.187755
1.129875
1.129647
1.202475
1.202411
1.036789
0.958926
0.958946
1.171768
1.171742
1.166458
1.166881
1.202218
1.202211
1.136130
1.129562
1.202362
1.166365
0.960683
0.960684
1.186242
1.186225
1.116377
1.116446
0.991447
0.991467
1.173107
1.173077
0.991636
1.201163
1.201157
0.974002
0.974029
1.195608
1.195596
1.184215
1.184181
1.197852
1.206263
1.206424
0.960714
0.960712
1.176501
1.176478
0.958915
0.958936
1.206894
1.206858
1.225610
1.225719
0.960829
1.234662
1.234635
1.248058
1.248070
1.018720
1.018755
1.194718
1.194706
1.185322
1.185304
1.171100
1.171072
1.194715
0.958955
0.958975
0.974148
0.974175
0.959080
1.116390
1.116464
1.172373
1.172340
1.175664
1.175641
1.184558
1.184541
0.602020
0.000000
0.604074
0.665982
0.636384
0.563841
0.585546
0.536374
0.527763
0.506467
0.498631
0.303281
0.295989
0.273992
0.287104
0.268071
0.256241
0.251283
0.254522
0.251103
1.184589
1.183421
1.183382
0.974344
0.974371
1.019019
1.019052
1.205245
1.205408
0.974534
1.170237
1.170208
1.205896
1.205858
1.174981
1.174958
1.224466
1.224578
1.233506
1.233474
1.246783
1.246796
1.175035
1.116487
1.116565
1.019388
1.019420
1.171463
1.171429
1.169531
1.169503
1.019660
1.182432
1.182390
1.169579
1.203945
1.204110
1.116675
1.116752
1.170718
1.170684
1.204637
1.204598
1.223007
1.223122
1.116952
1.232035
1.232000
1.170757
1.245153
1.245165
1.181613
1.181575
1.202821
1.202985
0.234342
1.181641
0.235191
0.234934
1.203568
1.203528
1.202769
0.243883
0.243301
1.221751
1.221864
0.266655
0.265463
1.230768
1.230736
1.203536
1.243739
1.243752
0.144567
0.291986
1.221704
1.230701
0.100279
0.109679
1.243663
0.077433
0.081262
0.068421
0.069936
0.063156
0.062584
0.059111
0.059020
0.054587
0.202595
0.203685
0.203432
0.212437
0.211548
0.240764
0.238845
0.277653
0.276404
0.295036
0.294030
0.164580
0.164353
0.164126
0.283410
0.282250
0.173550
0.172835
0.250148
0.257453
0.203636
0.201597
0.210613
0.212581
0.199351
0.199884
0.196392
0.135333
0.256345
0.254658
0.134066
0.133939
0.139530
0.139127
0.282152
0.280503
0.166001
0.165390
0.121256
0.119560
0.119805
0.268434
0.266755
0.123511
0.123152
0.229163
0.228465
0.118528
0.243316
0.241677
0.117334
0.117785
0.144708
0.145197
0.223663
0.222869
0.262294
0.260844
0.121750
0.122068
0.119900
0.220910
0.220368
0.120093
0.119949
1.090083
0.200329
0.201772
0.139545
0.138506
0.237469
0.234927
0.123437
0.123639
0.122470
0.232097
0.230588
0.123125
0.123092
0.176375
0.179350
0.205515
0.204408
0.137593
0.138788
0.128574
0.128827
1.088280
1.085296
0.189075
0.188321
0.199918
0.199485
0.158949
0.160293
0.121706
1.051078
1.050194
1.045960
0.122419
0.122339
0.135887
0.136728
0.154584
0.154820
0.164069
0.162974
0.125653
0.125092
0.168795
0.168663
1.186883
1.182566
0.141040
0.142566
1.161618
1.161135
0.133124
0.132700
1.141157
0.117165
0.155748
0.154506
0.127103
0.126737
0.117298
0.117136
1.111266
1.078458
0.141694
0.142703
0.118162
1.034985
1.032920
0.117321
0.117475
0.134964
0.134842
1.028515
0.118577
0.119013
0.118369
0.127519
0.126595
0.117136
0.117320
0.137590
0.137478
0.015298
0.122433
0.122062
0.117855
0.118062
0.015981
0.118453
0.118662
0.012994
0.016299
0.016791
0.118870
0.118665
1.030939
0.013082
0.014635
0.014705
0.011323
0.114906
0.115439
0.118790
0.118024
0.013785
0.013861
0.123986
0.123426
0.018929
0.130257
0.129912
0.011108
1.448164
0.017748
0.018374
0.013818
0.013843
0.113008
0.113602
0.012154
0.012214
0.221778
0.254237
0.025801
0.025107
0.114936
0.115753
0.015946
0.016002
0.017703
0.017605
0.124008
0.123693
0.019847
0.020607
0.113626
0.118971
0.015422
0.015457
0.077855
0.076319
0.027664
0.026957
0.111003
0.111394
0.120442
0.120207
0.115981
0.116118
0.119840
0.119958
0.018841
0.018831
0.119485
0.103348
0.104200
0.022038
0.022595
0.095268
0.096020
0.019011
0.018963
0.111078
0.111310
0.082127
0.083701
0.026864
0.026646
0.048748
0.048320
0.114099
0.113975
0.021223
0.021267
0.102695
0.103472
0.116524
0.023376
0.023325
0.116726
0.088909
0.089923
0.021268
0.021130
0.000000
0.000000
0.071159
0.072152
0.024763
0.024609
0.052035
0.052204
0.034958
0.035071
0.023586
0.023516
0.022110
0.022166
0.023065
0.022779
0.000000
0.000000
0.000000
0.024769
0.024412
0.021264
0.021129
0.022574
0.022579
0.077912
0.079359
0.021757
0.021680
0.020911
0.020959
0.021304
0.020746
0.054438
0.053340
0.023883
0.024045
0.034447
0.034215
0.021005
0.021020
0.019290
0.019165
0.018618
0.018065
0.019999
0.020011
0.018477
0.018354
0.021771
0.021666
0.018120
0.017989
0.016552
0.016285
0.082405
0.084878
0.016107
0.017528
0.017591
0.038939
0.041286
0.020125
0.020414
0.016230
0.016122
0.017546
0.017624
0.015407
0.015314
0.016611
0.016603
0.013264
0.013239
0.014432
0.014371
0.015416
0.015535
0.012990
0.013368
0.013274
0.013694
0.013677
0.012627
0.012466
0.020821
0.020516
0.014278
0.014304
0.013665
0.014191
0.028470
0.034127
0.012141
0.011601
0.011587
0.011399
0.011313
0.011385
0.011174
0.011309
0.012008
0.012008
0.008925
0.008956
0.009649
0.010063
0.010856
0.009663
0.009646
0.007392
0.007581
0.035658
0.051310
0.009475
0.009173
0.009207
0.006974
0.006953
0.008440
0.006175
0.006371
0.006762
0.004934
0.005124
0.043177
0.007468
0.005533
0.004918
0.401095
